 18-Sep-2016       (1.000 *bam1o20_0p5mg_a - 1.003 *bam1o20_buffer_) /  1.0000
bam1o20_0p5m  Conc = .10E+01  Mult = .10E+01  N1 =    1  N2 =  843  SCALE =  1
 fer_avg.dat  Conc = .10E+01  Mult = .10E+01  N1 =    1  N2 =  843  SCALE =  1
  0.113375E-01  0.606340E-01  0.880081E-02
  0.120690E-01  0.554606E-01  0.511535E-02
  0.128004E-01  0.598497E-01  0.424511E-02
  0.135319E-01  0.562373E-01  0.372828E-02
  0.142633E-01  0.553444E-01  0.341667E-02
  0.149948E-01  0.554309E-01  0.314794E-02
  0.157262E-01  0.547433E-01  0.284923E-02
  0.164577E-01  0.559563E-01  0.277528E-02
  0.171891E-01  0.544482E-01  0.270052E-02
  0.179206E-01  0.557172E-01  0.262509E-02
  0.186520E-01  0.543820E-01  0.243100E-02
  0.193835E-01  0.538727E-01  0.241312E-02
  0.201149E-01  0.540185E-01  0.226659E-02
  0.208464E-01  0.498498E-01  0.232338E-02
  0.215778E-01  0.540388E-01  0.219500E-02
  0.223093E-01  0.523336E-01  0.218422E-02
  0.230407E-01  0.542967E-01  0.216186E-02
  0.237721E-01  0.493509E-01  0.215074E-02
  0.245036E-01  0.529600E-01  0.205431E-02
  0.252350E-01  0.489716E-01  0.202539E-02
  0.259665E-01  0.507717E-01  0.203762E-02
  0.266979E-01  0.491185E-01  0.193711E-02
  0.274293E-01  0.495907E-01  0.202349E-02
  0.281608E-01  0.501822E-01  0.185133E-02
  0.288922E-01  0.469976E-01  0.185061E-02
  0.296237E-01  0.478919E-01  0.188702E-02
  0.303551E-01  0.461049E-01  0.181441E-02
  0.310865E-01  0.446180E-01  0.182302E-02
  0.318180E-01  0.462187E-01  0.182487E-02
  0.325494E-01  0.438374E-01  0.194881E-02
  0.332808E-01  0.440893E-01  0.174954E-02
  0.340123E-01  0.452237E-01  0.161535E-02
  0.347437E-01  0.435784E-01  0.165900E-02
  0.354751E-01  0.432661E-01  0.163519E-02
  0.362065E-01  0.431163E-01  0.161460E-02
  0.369380E-01  0.419383E-01  0.164615E-02
  0.376694E-01  0.408347E-01  0.156172E-02
  0.384008E-01  0.408642E-01  0.159931E-02
  0.391322E-01  0.398313E-01  0.157606E-02
  0.398636E-01  0.401472E-01  0.152445E-02
  0.405951E-01  0.381559E-01  0.154662E-02
  0.413265E-01  0.380345E-01  0.148087E-02
  0.420579E-01  0.380788E-01  0.151408E-02
  0.427893E-01  0.359229E-01  0.147924E-02
  0.435207E-01  0.361157E-01  0.145888E-02
  0.442521E-01  0.349576E-01  0.148245E-02
  0.449836E-01  0.347550E-01  0.145825E-02
  0.457150E-01  0.345162E-01  0.145143E-02
  0.464464E-01  0.362478E-01  0.137314E-02
  0.471778E-01  0.338328E-01  0.140439E-02
  0.479092E-01  0.335633E-01  0.137873E-02
  0.486406E-01  0.315217E-01  0.137164E-02
  0.493720E-01  0.322584E-01  0.135115E-02
  0.501034E-01  0.311858E-01  0.132189E-02
  0.508348E-01  0.303200E-01  0.135580E-02
  0.515662E-01  0.304543E-01  0.135245E-02
  0.522976E-01  0.295794E-01  0.132513E-02
  0.530290E-01  0.286728E-01  0.133253E-02
  0.537604E-01  0.283877E-01  0.135226E-02
  0.544917E-01  0.279837E-01  0.134493E-02
  0.552231E-01  0.263125E-01  0.138637E-02
  0.559545E-01  0.264120E-01  0.140486E-02
  0.566859E-01  0.245030E-01  0.138968E-02
  0.574173E-01  0.244669E-01  0.147531E-02
  0.581487E-01  0.264059E-01  0.143385E-02
  0.588800E-01  0.241215E-01  0.146832E-02
  0.596114E-01  0.247728E-01  0.141996E-02
  0.603428E-01  0.234717E-01  0.142260E-02
  0.610742E-01  0.219484E-01  0.145766E-02
  0.618055E-01  0.219078E-01  0.141018E-02
  0.625369E-01  0.204147E-01  0.137504E-02
  0.632683E-01  0.205070E-01  0.137893E-02
  0.639996E-01  0.204766E-01  0.137196E-02
  0.647310E-01  0.211886E-01  0.136348E-02
  0.654624E-01  0.184621E-01  0.131084E-02
  0.661937E-01  0.188291E-01  0.131147E-02
  0.669251E-01  0.178262E-01  0.123770E-02
  0.676564E-01  0.173365E-01  0.124691E-02
  0.683878E-01  0.177923E-01  0.120314E-02
  0.691191E-01  0.167293E-01  0.120650E-02
  0.698505E-01  0.159670E-01  0.119736E-02
  0.705818E-01  0.156876E-01  0.120582E-02
  0.713132E-01  0.156025E-01  0.117212E-02
  0.720445E-01  0.157147E-01  0.118464E-02
  0.727759E-01  0.155837E-01  0.116899E-02
  0.735072E-01  0.133941E-01  0.114930E-02
  0.742385E-01  0.143352E-01  0.112636E-02
  0.749699E-01  0.133514E-01  0.112895E-02
  0.757012E-01  0.126008E-01  0.111367E-02
  0.764325E-01  0.123222E-01  0.112194E-02
  0.771638E-01  0.122863E-01  0.109875E-02
  0.778952E-01  0.117414E-01  0.106419E-02
  0.786265E-01  0.110382E-01  0.106646E-02
  0.793578E-01  0.103551E-01  0.105449E-02
  0.800891E-01  0.992935E-02  0.105931E-02
  0.808204E-01  0.907711E-02  0.102967E-02
  0.815517E-01  0.991670E-02  0.104267E-02
  0.822830E-01  0.918793E-02  0.104250E-02
  0.830143E-01  0.785987E-02  0.103191E-02
  0.837456E-01  0.890274E-02  0.101433E-02
  0.844769E-01  0.877429E-02  0.100133E-02
  0.852082E-01  0.738905E-02  0.101908E-02
  0.859395E-01  0.705275E-02  0.100350E-02
  0.866708E-01  0.696529E-02  0.101204E-02
  0.874021E-01  0.708503E-02  0.100534E-02
  0.881334E-01  0.764742E-02  0.990653E-03
  0.888647E-01  0.814383E-02  0.100748E-02
  0.895959E-01  0.569603E-02  0.100196E-02
  0.903272E-01  0.665547E-02  0.994855E-03
  0.910585E-01  0.639677E-02  0.100462E-02
  0.917897E-01  0.478606E-02  0.993676E-03
  0.925210E-01  0.557822E-02  0.101997E-02
  0.932523E-01  0.589064E-02  0.100689E-02
  0.939835E-01  0.376027E-02  0.100195E-02
  0.947148E-01  0.495300E-02  0.103263E-02
  0.954460E-01  0.496639E-02  0.100633E-02
  0.961773E-01  0.579832E-02  0.102607E-02
  0.969085E-01  0.445637E-02  0.989349E-03
  0.976398E-01  0.265319E-02  0.103557E-02
  0.983710E-01  0.380620E-02  0.101429E-02
  0.991023E-01  0.295680E-02  0.995969E-03
  0.998335E-01  0.356099E-02  0.101045E-02
  0.100565E+00  0.327410E-02  0.101578E-02
  0.101296E+00  0.323104E-02  0.101716E-02
  0.102027E+00  0.256471E-02  0.996856E-03
  0.102758E+00  0.396850E-02  0.100727E-02
  0.103490E+00  0.187484E-02  0.986361E-03
  0.104221E+00  0.300409E-02  0.947835E-03
  0.104952E+00  0.195807E-02  0.949142E-03
  0.105683E+00  0.309082E-02  0.928853E-03
  0.106414E+00  0.272843E-02  0.922286E-03
  0.107146E+00  0.242231E-02  0.935119E-03
  0.107877E+00  0.242340E-02  0.919690E-03
  0.108608E+00  0.314903E-02  0.910493E-03
  0.109339E+00  0.230539E-02  0.917734E-03
  0.110070E+00  0.156197E-02  0.888873E-03
  0.110802E+00  0.187656E-02  0.897969E-03
  0.111533E+00  0.104287E-02  0.898576E-03
  0.112264E+00  0.208450E-02  0.900144E-03
  0.112995E+00  0.203507E-02  0.890319E-03
  0.113726E+00 -0.591850E-05  0.879203E-03
  0.114457E+00  0.124911E-02  0.888149E-03
  0.115189E+00  0.167260E-02  0.862054E-03
  0.115920E+00  0.108074E-02  0.869890E-03
  0.116651E+00  0.690880E-03  0.876455E-03
  0.117382E+00  0.147042E-02  0.871469E-03
  0.118113E+00  0.827171E-03  0.872831E-03
  0.118844E+00  0.216361E-02  0.859991E-03
  0.119576E+00  0.939827E-03  0.857712E-03
  0.120307E+00  0.985704E-03  0.856163E-03
  0.121038E+00  0.103204E-02  0.865135E-03
  0.121769E+00  0.117613E-02  0.864652E-03
  0.122500E+00  0.749307E-03  0.843869E-03
  0.123231E+00  0.137023E-02  0.844399E-03
  0.123962E+00  0.124477E-02  0.826124E-03
  0.124693E+00  0.111798E-02  0.821368E-03
  0.125425E+00  0.104818E-02  0.816946E-03
  0.126156E+00  0.160064E-02  0.823297E-03
  0.126887E+00  0.168063E-02  0.826209E-03
  0.127618E+00  0.117654E-02  0.831807E-03
  0.128349E+00  0.866658E-03  0.822880E-03
  0.129080E+00  0.536431E-03  0.818080E-03
  0.129811E+00  0.106432E-02  0.822689E-03
  0.130542E+00  0.101433E-02  0.794619E-03
  0.131273E+00  0.217229E-02  0.797168E-03
  0.132004E+00  0.224893E-02  0.828123E-03
  0.132735E+00  0.990859E-03  0.795268E-03
  0.133466E+00  0.778392E-03  0.798003E-03
  0.134197E+00  0.180665E-02  0.792954E-03
  0.134929E+00  0.178840E-02  0.785107E-03
  0.135660E+00  0.193373E-02  0.783687E-03
  0.136391E+00  0.133145E-02  0.778920E-03
  0.137122E+00  0.189771E-02  0.757677E-03
  0.137853E+00  0.192389E-02  0.782295E-03
  0.138584E+00  0.150180E-02  0.783378E-03
  0.139315E+00  0.128554E-02  0.761984E-03
  0.140046E+00  0.196017E-02  0.753148E-03
  0.140777E+00  0.153541E-02  0.785273E-03
  0.141508E+00  0.207119E-02  0.763241E-03
  0.142239E+00  0.217869E-02  0.770245E-03
  0.142970E+00  0.181916E-02  0.765781E-03
  0.143701E+00  0.168988E-02  0.739564E-03
  0.144432E+00  0.230389E-02  0.763432E-03
  0.145163E+00  0.180922E-02  0.755221E-03
  0.145894E+00  0.859229E-03  0.758679E-03
  0.146625E+00  0.219362E-02  0.757663E-03
  0.147356E+00  0.169568E-02  0.752220E-03
  0.148087E+00  0.218561E-02  0.750902E-03
  0.148818E+00  0.251703E-02  0.734994E-03
  0.149549E+00  0.172925E-02  0.733384E-03
  0.150280E+00  0.205529E-02  0.746833E-03
  0.151011E+00  0.231969E-02  0.741374E-03
  0.151741E+00  0.212508E-02  0.736869E-03
  0.152472E+00  0.207042E-02  0.729732E-03
  0.153203E+00  0.229785E-02  0.725068E-03
  0.153934E+00  0.217199E-02  0.733481E-03
  0.154665E+00  0.271233E-02  0.739323E-03
  0.155396E+00  0.261860E-02  0.724907E-03
  0.156127E+00  0.262150E-02  0.734255E-03
  0.156858E+00  0.294760E-02  0.722803E-03
  0.157589E+00  0.313498E-02  0.721265E-03
  0.158320E+00  0.292745E-02  0.721968E-03
  0.159051E+00  0.307423E-02  0.718985E-03
  0.159782E+00  0.244399E-02  0.732742E-03
  0.160512E+00  0.194976E-02  0.712852E-03
  0.161243E+00  0.240437E-02  0.707022E-03
  0.161974E+00  0.295102E-02  0.714966E-03
  0.162705E+00  0.273927E-02  0.709122E-03
  0.163436E+00  0.348946E-02  0.710517E-03
  0.164167E+00  0.348218E-02  0.711303E-03
  0.164898E+00  0.269587E-02  0.700912E-03
  0.165628E+00  0.224799E-02  0.697474E-03
  0.166359E+00  0.284704E-02  0.708035E-03
  0.167090E+00  0.219728E-02  0.700656E-03
  0.167821E+00  0.284814E-02  0.695106E-03
  0.168552E+00  0.340191E-02  0.686303E-03
  0.169283E+00  0.261863E-02  0.677088E-03
  0.170013E+00  0.264432E-02  0.690999E-03
  0.170744E+00  0.351822E-02  0.689740E-03
  0.171475E+00  0.246885E-02  0.684838E-03
  0.172206E+00  0.324694E-02  0.694352E-03
  0.172937E+00  0.348133E-02  0.687083E-03
  0.173667E+00  0.397067E-02  0.681442E-03
  0.174398E+00  0.265051E-02  0.674082E-03
  0.175129E+00  0.288410E-02  0.674465E-03
  0.175860E+00  0.231781E-02  0.673788E-03
  0.176590E+00  0.351229E-02  0.669040E-03
  0.177321E+00  0.325899E-02  0.675654E-03
  0.178052E+00  0.298311E-02  0.670548E-03
  0.178783E+00  0.251201E-02  0.664888E-03
  0.179513E+00  0.276170E-02  0.661047E-03
  0.180244E+00  0.277848E-02  0.662430E-03
  0.180975E+00  0.329446E-02  0.666712E-03
  0.181706E+00  0.234470E-02  0.666076E-03
  0.182436E+00  0.286588E-02  0.645659E-03
  0.183167E+00  0.261247E-02  0.653320E-03
  0.183898E+00  0.309358E-02  0.652411E-03
  0.184629E+00  0.287105E-02  0.644177E-03
  0.185359E+00  0.352897E-02  0.659488E-03
  0.186090E+00  0.285451E-02  0.647279E-03
  0.186821E+00  0.262894E-02  0.660135E-03
  0.187551E+00  0.316432E-02  0.652397E-03
  0.188282E+00  0.315205E-02  0.639950E-03
  0.189013E+00  0.340514E-02  0.637312E-03
  0.189743E+00  0.285904E-02  0.648035E-03
  0.190474E+00  0.247439E-02  0.649701E-03
  0.191205E+00  0.325667E-02  0.642627E-03
  0.191935E+00  0.357385E-02  0.637920E-03
  0.192666E+00  0.300789E-02  0.632052E-03
  0.193396E+00  0.250577E-02  0.631402E-03
  0.194127E+00  0.320509E-02  0.633438E-03
  0.194858E+00  0.255533E-02  0.632409E-03
  0.195588E+00  0.320834E-02  0.633772E-03
  0.196319E+00  0.281650E-02  0.631162E-03
  0.197049E+00  0.307436E-02  0.630338E-03
  0.197780E+00  0.305788E-02  0.623741E-03
  0.198511E+00  0.291062E-02  0.627814E-03
  0.199241E+00  0.233498E-02  0.619870E-03
  0.199972E+00  0.326699E-02  0.624500E-03
  0.200702E+00  0.230318E-02  0.621467E-03
  0.201433E+00  0.294845E-02  0.624287E-03
  0.202163E+00  0.240663E-02  0.624907E-03
  0.202894E+00  0.242014E-02  0.620658E-03
  0.203625E+00  0.275317E-02  0.615278E-03
  0.204355E+00  0.300596E-02  0.623201E-03
  0.205086E+00  0.233843E-02  0.625442E-03
  0.205816E+00  0.278647E-02  0.611714E-03
  0.206547E+00  0.276955E-02  0.617429E-03
  0.207277E+00  0.258801E-02  0.613178E-03
  0.208008E+00  0.339595E-02  0.616503E-03
  0.208738E+00  0.244650E-02  0.629148E-03
  0.209469E+00  0.215016E-02  0.639081E-03
  0.210199E+00  0.261162E-02  0.624511E-03
  0.210930E+00  0.253037E-02  0.630394E-03
  0.211660E+00  0.290905E-02  0.621748E-03
  0.212390E+00  0.247278E-02  0.618438E-03
  0.213121E+00  0.215100E-02  0.616574E-03
  0.213851E+00  0.258418E-02  0.622777E-03
  0.214582E+00  0.252734E-02  0.628736E-03
  0.215312E+00  0.254304E-02  0.628774E-03
  0.216043E+00  0.235497E-02  0.619200E-03
  0.216773E+00  0.192862E-02  0.634914E-03
  0.217503E+00  0.262797E-02  0.626095E-03
  0.218234E+00  0.167630E-02  0.634225E-03
  0.218964E+00  0.207188E-02  0.633880E-03
  0.219695E+00  0.223879E-02  0.630143E-03
  0.220425E+00  0.230316E-02  0.624535E-03
  0.221155E+00  0.166956E-02  0.618025E-03
  0.221886E+00  0.284300E-02  0.627123E-03
  0.222616E+00  0.171912E-02  0.609284E-03
  0.223346E+00  0.148090E-02  0.611284E-03
  0.224077E+00  0.243588E-02  0.609098E-03
  0.224807E+00  0.217217E-02  0.601836E-03
  0.225537E+00  0.248438E-02  0.608665E-03
  0.226268E+00  0.226035E-02  0.600418E-03
  0.226998E+00  0.182234E-02  0.598000E-03
  0.227728E+00  0.224154E-02  0.601775E-03
  0.228459E+00  0.191537E-02  0.597485E-03
  0.229189E+00  0.228672E-02  0.590883E-03
  0.229919E+00  0.194315E-02  0.592214E-03
  0.230650E+00  0.142024E-02  0.591418E-03
  0.231380E+00  0.153819E-02  0.589405E-03
  0.232110E+00  0.187881E-02  0.606683E-03
  0.232840E+00  0.209453E-02  0.597634E-03
  0.233571E+00  0.155931E-02  0.582458E-03
  0.234301E+00  0.174591E-02  0.593236E-03
  0.235031E+00  0.132231E-02  0.589032E-03
  0.235761E+00  0.103901E-02  0.575972E-03
  0.236491E+00  0.973643E-03  0.571023E-03
  0.237222E+00  0.138259E-02  0.583091E-03
  0.237952E+00  0.152562E-02  0.578380E-03
  0.238682E+00  0.134777E-02  0.580735E-03
  0.239412E+00  0.136736E-02  0.580592E-03
  0.240142E+00  0.135243E-02  0.574915E-03
  0.240873E+00  0.142369E-02  0.568876E-03
  0.241603E+00  0.849097E-03  0.577858E-03
  0.242333E+00  0.155555E-02  0.560901E-03
  0.243063E+00  0.178650E-02  0.577349E-03
  0.243793E+00  0.172951E-02  0.566664E-03
  0.244523E+00  0.101896E-02  0.574314E-03
  0.245253E+00  0.892566E-03  0.558070E-03
  0.245984E+00  0.108672E-02  0.578396E-03
  0.246714E+00  0.161631E-02  0.580112E-03
  0.247444E+00  0.160776E-02  0.573251E-03
  0.248174E+00  0.107768E-02  0.592711E-03
  0.248904E+00  0.938090E-03  0.578717E-03
  0.249634E+00  0.110700E-02  0.591191E-03
  0.250364E+00  0.144198E-02  0.585670E-03
  0.251094E+00  0.121413E-02  0.591565E-03
  0.251824E+00  0.101895E-02  0.587103E-03
  0.252554E+00  0.100263E-02  0.582079E-03
  0.253284E+00  0.874570E-03  0.583341E-03
  0.254014E+00  0.116720E-02  0.581708E-03
  0.254744E+00  0.100098E-02  0.583989E-03
  0.255474E+00  0.116309E-02  0.591855E-03
  0.256204E+00  0.971363E-03  0.583273E-03
  0.256934E+00  0.734140E-03  0.567155E-03
  0.257664E+00  0.102006E-02  0.582933E-03
  0.258394E+00  0.115548E-02  0.579637E-03
  0.259124E+00  0.101310E-02  0.580835E-03
  0.259854E+00  0.105606E-02  0.580543E-03
  0.260584E+00  0.125173E-02  0.577939E-03
  0.261314E+00  0.121885E-02  0.587802E-03
  0.262044E+00  0.132539E-02  0.593216E-03
  0.262774E+00  0.703578E-03  0.589019E-03
  0.263504E+00  0.612462E-03  0.576523E-03
  0.264234E+00  0.995181E-03  0.581079E-03
  0.264964E+00  0.130879E-02  0.574611E-03
  0.265693E+00  0.109989E-02  0.581359E-03
  0.266423E+00  0.130761E-02  0.573375E-03
  0.267153E+00  0.750404E-03  0.572115E-03
  0.267883E+00  0.708137E-03  0.579863E-03
  0.268613E+00  0.250293E-03  0.582406E-03
  0.269343E+00  0.117409E-02  0.575166E-03
  0.270073E+00  0.103086E-02  0.585311E-03
  0.270802E+00  0.801825E-03  0.585620E-03
  0.271532E+00  0.242336E-03  0.583150E-03
  0.272262E+00  0.725782E-03  0.575777E-03
  0.272992E+00  0.529978E-03  0.585669E-03
  0.273722E+00  0.244968E-03  0.575925E-03
  0.274451E+00  0.704929E-03  0.575628E-03
  0.275181E+00  0.236221E-03  0.576913E-03
  0.275911E+00  0.585032E-03  0.573621E-03
  0.276641E+00  0.532063E-03  0.585464E-03
  0.277371E+00  0.990016E-04  0.569188E-03
  0.278100E+00  0.821487E-03  0.574735E-03
  0.278830E+00  0.588323E-03  0.583957E-03
  0.279560E+00  0.459949E-03  0.571457E-03
  0.280289E+00  0.469555E-03  0.569794E-03
  0.281019E+00  0.616783E-03  0.580697E-03
  0.281749E+00  0.689979E-03  0.569533E-03
  0.282479E+00  0.884345E-03  0.565890E-03
  0.283208E+00  0.423483E-03  0.578232E-03
  0.283938E+00  0.313647E-03  0.564228E-03
  0.284668E+00  0.559486E-03  0.558839E-03
  0.285397E+00  0.645183E-03  0.567388E-03
  0.286127E+00  0.193468E-03  0.570898E-03
  0.286856E+00  0.131586E-03  0.568872E-03
  0.287586E+00  0.433792E-03  0.575143E-03
  0.288316E+00  0.134288E-02  0.571943E-03
  0.289045E+00  0.951890E-05  0.569957E-03
  0.289775E+00  0.125133E-03  0.567697E-03
  0.290504E+00  0.104162E-02  0.559911E-03
  0.291234E+00  0.597186E-03  0.552680E-03
  0.291964E+00  0.361004E-03  0.558990E-03
  0.292693E+00  0.936764E-03  0.552103E-03
  0.293423E+00  0.223268E-03  0.563227E-03
  0.294152E+00  0.501550E-03  0.576464E-03
  0.294882E+00  0.294473E-03  0.558558E-03
  0.295611E+00  0.575170E-03  0.563147E-03
  0.296341E+00  0.375522E-03  0.561920E-03
  0.297070E+00  0.470665E-03  0.568292E-03
  0.297800E+00  0.202590E-03  0.569665E-03
  0.298529E+00  0.751682E-03  0.558875E-03
  0.299259E+00  0.657745E-03  0.568765E-03
  0.299988E+00  0.956611E-03  0.558445E-03
  0.300718E+00  0.100020E-03  0.573056E-03
  0.301447E+00  0.304662E-03  0.577096E-03
  0.302176E+00  0.869171E-03  0.567021E-03
  0.302906E+00  0.920895E-03  0.563926E-03
  0.303635E+00  0.361558E-03  0.583133E-03
  0.304365E+00  0.185265E-03  0.587243E-03
  0.305094E+00  0.119573E-02  0.588689E-03
  0.305823E+00  0.491790E-03  0.571730E-03
  0.306553E+00 -0.103238E-03  0.581667E-03
  0.307282E+00  0.382150E-04  0.578774E-03
  0.308012E+00 -0.337383E-03  0.594961E-03
  0.308741E+00  0.513304E-03  0.581842E-03
  0.309470E+00  0.664427E-03  0.583490E-03
  0.310200E+00  0.549737E-03  0.569818E-03
  0.310929E+00  0.550896E-03  0.587474E-03
  0.311658E+00  0.395297E-03  0.580363E-03
  0.312387E+00  0.441034E-03  0.594705E-03
  0.313117E+00  0.387815E-03  0.588852E-03
  0.313846E+00  0.203472E-04  0.600186E-03
  0.314575E+00  0.843073E-03  0.595632E-03
  0.315305E+00  0.601263E-03  0.600474E-03
  0.316034E+00  0.873634E-03  0.577207E-03
  0.316763E+00  0.486023E-03  0.589636E-03
  0.317492E+00  0.316413E-03  0.587163E-03
  0.318221E+00  0.721103E-04  0.599251E-03
  0.318951E+00  0.457454E-03  0.592235E-03
  0.319680E+00 -0.128057E-03  0.596345E-03
  0.320409E+00  0.476089E-03  0.598541E-03
  0.321138E+00  0.621335E-03  0.582162E-03
  0.321867E+00 -0.190000E-03  0.604621E-03
  0.322596E+00  0.171374E-03  0.601212E-03
  0.323326E+00  0.191525E-03  0.604659E-03
  0.324055E+00  0.294227E-03  0.607673E-03
  0.324784E+00  0.462931E-03  0.591340E-03
  0.325513E+00  0.743105E-03  0.600113E-03
  0.326242E+00  0.528004E-03  0.586144E-03
  0.326971E+00  0.172601E-03  0.596736E-03
  0.327700E+00  0.168230E-03  0.590110E-03
  0.328429E+00 -0.301570E-05  0.597028E-03
  0.329158E+00 -0.496974E-03  0.616286E-03
  0.329887E+00  0.909707E-04  0.598859E-03
  0.330616E+00  0.501654E-03  0.600932E-03
  0.331345E+00  0.411749E-03  0.605274E-03
  0.332074E+00 -0.357215E-04  0.601497E-03
  0.332803E+00 -0.653240E-05  0.614496E-03
  0.333532E+00  0.270098E-03  0.603403E-03
  0.334261E+00  0.680754E-03  0.594608E-03
  0.334990E+00  0.894206E-03  0.606704E-03
  0.335719E+00 -0.276113E-03  0.602154E-03
  0.336448E+00  0.287259E-03  0.598992E-03
  0.337177E+00  0.243173E-03  0.617376E-03
  0.337906E+00 -0.415624E-03  0.605692E-03
  0.338635E+00 -0.199731E-04  0.609848E-03
  0.339364E+00  0.454560E-03  0.599500E-03
  0.340093E+00  0.645044E-03  0.593669E-03
  0.340822E+00 -0.893815E-04  0.607506E-03
  0.341551E+00  0.182679E-03  0.604989E-03
  0.342279E+00  0.648201E-03  0.604616E-03
  0.343008E+00  0.511187E-03  0.603676E-03
  0.343737E+00  0.113625E-03  0.613447E-03
  0.344466E+00  0.527208E-03  0.608786E-03
  0.345195E+00  0.105185E-03  0.616493E-03
  0.345923E+00  0.337899E-03  0.607068E-03
  0.346652E+00  0.699837E-03  0.612318E-03
  0.347381E+00  0.504651E-03  0.606191E-03
  0.348110E+00  0.386619E-03  0.597036E-03
  0.348839E+00 -0.701481E-03  0.609746E-03
  0.349567E+00 -0.640120E-05  0.594333E-03
  0.350296E+00  0.384431E-03  0.622254E-03
  0.351025E+00  0.180410E-04  0.608853E-03
  0.351753E+00  0.249188E-03  0.615304E-03
  0.352482E+00  0.315543E-03  0.616373E-03
  0.353211E+00 -0.552583E-03  0.598831E-03
  0.353940E+00  0.525918E-03  0.606953E-03
  0.354668E+00  0.683864E-03  0.605101E-03
  0.355397E+00  0.102791E-03  0.615666E-03
  0.356126E+00  0.473398E-03  0.610266E-03
  0.356854E+00 -0.131873E-04  0.616144E-03
  0.357583E+00  0.961340E-03  0.617373E-03
  0.358311E+00  0.738124E-03  0.606954E-03
  0.359040E+00  0.317967E-03  0.614443E-03
  0.359769E+00  0.909755E-03  0.610063E-03
  0.360497E+00  0.294581E-03  0.605235E-03
  0.361226E+00 -0.139048E-03  0.613421E-03
  0.361954E+00  0.575014E-03  0.613848E-03
  0.362683E+00  0.435002E-03  0.634812E-03
  0.363411E+00 -0.246688E-04  0.620704E-03
  0.364140E+00  0.106260E-02  0.631942E-03
  0.364868E+00  0.275556E-03  0.651319E-03
  0.365597E+00  0.331344E-03  0.635510E-03
  0.366325E+00 -0.697467E-03  0.656270E-03
  0.367054E+00 -0.231129E-03  0.629274E-03
  0.367782E+00  0.495835E-03  0.648342E-03
  0.368511E+00  0.875376E-03  0.644026E-03
  0.369239E+00  0.873277E-03  0.647987E-03
  0.369967E+00  0.281896E-03  0.663900E-03
  0.370696E+00  0.105485E-03  0.645045E-03
  0.371424E+00 -0.914992E-04  0.647450E-03
  0.372153E+00 -0.434703E-04  0.655468E-03
  0.372881E+00  0.447023E-03  0.649256E-03
  0.373609E+00 -0.338345E-03  0.668105E-03
  0.374338E+00  0.368460E-03  0.662035E-03
  0.375066E+00  0.488112E-03  0.659969E-03
  0.375794E+00  0.397935E-03  0.641987E-03
  0.376523E+00  0.263415E-03  0.637864E-03
  0.377251E+00  0.571080E-03  0.653344E-03
  0.377979E+00  0.372928E-03  0.643583E-03
  0.378708E+00 -0.376580E-03  0.641034E-03
  0.379436E+00  0.502353E-03  0.645796E-03
  0.380164E+00  0.152291E-02  0.631670E-03
  0.380892E+00  0.613021E-04  0.641522E-03
  0.381621E+00 -0.378521E-03  0.635292E-03
  0.382349E+00  0.776884E-03  0.637188E-03
  0.383077E+00  0.549311E-03  0.619369E-03
  0.383805E+00  0.515782E-04  0.626277E-03
  0.384533E+00  0.292357E-03  0.636380E-03
  0.385261E+00  0.260661E-03  0.629950E-03
  0.385990E+00  0.311930E-03  0.631771E-03
  0.386718E+00  0.481420E-03  0.638026E-03
  0.387446E+00 -0.112405E-03  0.639192E-03
  0.388174E+00 -0.171645E-04  0.622758E-03
  0.388902E+00  0.289511E-03  0.645378E-03
  0.389630E+00 -0.328649E-03  0.641064E-03
  0.390358E+00  0.667680E-03  0.638420E-03
  0.391086E+00  0.481957E-03  0.634644E-03
  0.391814E+00  0.394442E-04  0.621324E-03
  0.392542E+00 -0.259500E-03  0.632116E-03
  0.393270E+00  0.166325E-03  0.637549E-03
  0.393998E+00  0.207272E-03  0.639802E-03
  0.394726E+00  0.725890E-05  0.647696E-03
  0.395454E+00 -0.880298E-04  0.640120E-03
  0.396182E+00  0.446362E-03  0.635132E-03
  0.396910E+00  0.328773E-03  0.626582E-03
  0.397638E+00  0.316787E-04  0.632567E-03
  0.398366E+00  0.743265E-03  0.630557E-03
  0.399094E+00  0.112855E-03  0.615799E-03
  0.399822E+00  0.368442E-03  0.635062E-03
  0.400550E+00 -0.140543E-03  0.621348E-03
  0.401278E+00 -0.104484E-03  0.619261E-03
  0.402006E+00  0.423908E-03  0.617284E-03
  0.402734E+00  0.444286E-03  0.629396E-03
  0.403461E+00  0.461322E-03  0.630905E-03
  0.404189E+00  0.279384E-03  0.620212E-03
  0.404917E+00 -0.423721E-04  0.619301E-03
  0.405645E+00  0.396782E-03  0.625164E-03
  0.406373E+00 -0.514406E-04  0.617372E-03
  0.407100E+00  0.175766E-03  0.624571E-03
  0.407828E+00  0.299520E-03  0.614670E-03
  0.408556E+00  0.130811E-03  0.626997E-03
  0.409284E+00  0.254414E-03  0.623976E-03
  0.410011E+00  0.256769E-03  0.606019E-03
  0.410739E+00  0.980738E-04  0.631582E-03
  0.411467E+00  0.283597E-03  0.612683E-03
  0.412195E+00  0.596460E-03  0.618960E-03
  0.412922E+00  0.799849E-03  0.611313E-03
  0.413650E+00  0.563542E-03  0.617975E-03
  0.414378E+00  0.681477E-03  0.619566E-03
  0.415105E+00 -0.251858E-03  0.620247E-03
  0.415833E+00  0.984559E-03  0.637197E-03
  0.416560E+00  0.330017E-03  0.635580E-03
  0.417288E+00  0.330518E-04  0.636627E-03
  0.418016E+00  0.305362E-03  0.642867E-03
  0.418743E+00 -0.402841E-03  0.647646E-03
  0.419471E+00  0.565508E-03  0.644700E-03
  0.420198E+00 -0.391154E-03  0.642995E-03
  0.420926E+00  0.185759E-03  0.650293E-03
  0.421653E+00  0.682725E-03  0.648703E-03
  0.422381E+00  0.395124E-03  0.648215E-03
  0.423108E+00  0.365619E-03  0.656754E-03
  0.423836E+00  0.287546E-03  0.647072E-03
  0.424563E+00 -0.353618E-03  0.667203E-03
  0.425291E+00  0.391706E-03  0.659326E-03
  0.426018E+00 -0.153698E-03  0.667053E-03
  0.426745E+00 -0.564814E-03  0.665294E-03
  0.427473E+00  0.114481E-03  0.656975E-03
  0.428200E+00 -0.731487E-04  0.673447E-03
  0.428928E+00  0.901596E-03  0.667355E-03
  0.429655E+00  0.656918E-04  0.657912E-03
  0.430382E+00  0.387610E-03  0.670857E-03
  0.431110E+00 -0.293582E-03  0.690339E-03
  0.431837E+00  0.148636E-03  0.667760E-03
  0.432564E+00 -0.834028E-04  0.665204E-03
  0.433292E+00 -0.663817E-03  0.694291E-03
  0.434019E+00 -0.435204E-03  0.687041E-03
  0.434746E+00  0.185606E-03  0.682785E-03
  0.435473E+00  0.652643E-03  0.674861E-03
  0.436201E+00 -0.461598E-04  0.688013E-03
  0.436928E+00  0.246060E-03  0.685444E-03
  0.437655E+00  0.711699E-04  0.709977E-03
  0.438382E+00 -0.313277E-04  0.713141E-03
  0.439109E+00  0.164180E-03  0.700964E-03
  0.439837E+00 -0.173857E-03  0.694758E-03
  0.440564E+00  0.135153E-03  0.697220E-03
  0.441291E+00  0.247869E-03  0.689429E-03
  0.442018E+00 -0.993233E-04  0.710269E-03
  0.442745E+00 -0.175969E-03  0.687725E-03
  0.443472E+00  0.970918E-04  0.690972E-03
  0.444199E+00  0.318922E-03  0.689832E-03
  0.444926E+00 -0.784302E-03  0.676010E-03
  0.445653E+00  0.421788E-03  0.702987E-03
  0.446380E+00  0.666503E-03  0.689628E-03
  0.447107E+00  0.325273E-03  0.701029E-03
  0.447834E+00  0.560801E-04  0.680480E-03
  0.448561E+00 -0.219648E-03  0.690700E-03
  0.449288E+00  0.461727E-03  0.703679E-03
  0.450015E+00  0.236014E-03  0.690644E-03
  0.450742E+00 -0.615317E-03  0.714411E-03
  0.451469E+00 -0.122799E-03  0.693689E-03
  0.452196E+00  0.227744E-03  0.701613E-03
  0.452923E+00  0.501161E-03  0.702568E-03
  0.453650E+00  0.722900E-05  0.706255E-03
  0.454377E+00  0.899042E-04  0.704822E-03
  0.455104E+00 -0.221558E-03  0.711118E-03
  0.455831E+00  0.293554E-03  0.699587E-03
  0.456557E+00 -0.415505E-04  0.717912E-03
  0.457284E+00  0.219037E-03  0.703734E-03
  0.458011E+00  0.660335E-03  0.716012E-03
  0.458738E+00  0.164230E-04  0.705255E-03
  0.459465E+00 -0.844370E-03  0.709331E-03
  0.460191E+00  0.233487E-04  0.709532E-03
  0.460918E+00 -0.297588E-03  0.735793E-03
  0.461645E+00  0.803248E-03  0.728694E-03
  0.462372E+00 -0.102208E-03  0.726060E-03
  0.463098E+00 -0.330683E-03  0.724028E-03
  0.463825E+00  0.605750E-03  0.731354E-03
  0.464552E+00 -0.311480E-03  0.729040E-03
  0.465278E+00  0.282539E-03  0.720189E-03
  0.466005E+00  0.120225E-02  0.725854E-03
  0.466732E+00 -0.132985E-03  0.723207E-03
  0.467458E+00  0.938054E-04  0.724958E-03
  0.468185E+00  0.296507E-03  0.749258E-03
  0.468911E+00  0.205144E-03  0.725591E-03
  0.469638E+00 -0.696299E-03  0.719547E-03
  0.470364E+00  0.114725E-02  0.726750E-03
  0.471091E+00  0.429157E-03  0.720966E-03
  0.471817E+00 -0.382973E-04  0.725442E-03
  0.472544E+00  0.534980E-03  0.731267E-03
  0.473270E+00 -0.326634E-03  0.736471E-03
  0.473997E+00  0.172844E-03  0.732055E-03
  0.474723E+00  0.581279E-03  0.716947E-03
  0.475450E+00  0.156588E-03  0.742468E-03
  0.476176E+00 -0.383762E-03  0.739215E-03
  0.476903E+00 -0.372920E-03  0.728940E-03
  0.477629E+00  0.748101E-03  0.743032E-03
  0.478355E+00  0.941621E-03  0.737763E-03
  0.479082E+00  0.110838E-03  0.717680E-03
  0.479808E+00 -0.320332E-03  0.732832E-03
  0.480535E+00  0.558661E-03  0.757416E-03
  0.481261E+00 -0.256289E-03  0.763721E-03
  0.481987E+00 -0.341264E-03  0.731878E-03
  0.482713E+00 -0.207023E-03  0.746614E-03
  0.483440E+00 -0.116066E-02  0.754646E-03
  0.484166E+00 -0.720555E-04  0.730415E-03
  0.484892E+00  0.272193E-03  0.722975E-03
  0.485618E+00 -0.327348E-03  0.739577E-03
  0.486345E+00  0.190644E-03  0.731618E-03
  0.487071E+00  0.772046E-03  0.736291E-03
  0.487797E+00  0.604192E-03  0.738135E-03
  0.488523E+00  0.411213E-03  0.722024E-03
  0.489249E+00  0.697871E-03  0.735841E-03
  0.489975E+00 -0.139488E-03  0.735766E-03
  0.490702E+00  0.365461E-04  0.765963E-03
  0.491428E+00  0.199936E-03  0.740943E-03
  0.492154E+00 -0.260255E-03  0.749997E-03
  0.492880E+00  0.469326E-03  0.750052E-03
  0.493606E+00 -0.171028E-03  0.753385E-03
  0.494332E+00 -0.114742E-04  0.737748E-03
  0.495058E+00  0.172254E-03  0.738346E-03
  0.495784E+00  0.262638E-03  0.747647E-03
  0.496510E+00 -0.177240E-03  0.741396E-03
  0.497236E+00  0.545994E-03  0.721172E-03
  0.497962E+00 -0.405678E-03  0.752108E-03
  0.498688E+00 -0.317663E-04  0.743885E-03
  0.499414E+00 -0.290307E-04  0.741624E-03
  0.500140E+00 -0.179847E-03  0.745253E-03
  0.500866E+00 -0.132946E-03  0.723479E-03
  0.501591E+00  0.213637E-04  0.736620E-03
  0.502317E+00  0.150951E-03  0.737271E-03
  0.503043E+00  0.908665E-04  0.745577E-03
  0.503769E+00  0.236869E-03  0.745270E-03
  0.504495E+00  0.350254E-03  0.744009E-03
  0.505221E+00  0.536376E-03  0.755940E-03
  0.505946E+00  0.624705E-04  0.743527E-03
  0.506672E+00 -0.734693E-03  0.743527E-03
  0.507398E+00  0.594215E-04  0.744576E-03
  0.508124E+00  0.863558E-04  0.744590E-03
  0.508849E+00 -0.269008E-03  0.750574E-03
  0.509575E+00 -0.398906E-03  0.747812E-03
  0.510301E+00  0.266062E-03  0.738923E-03
  0.511026E+00  0.225795E-03  0.745775E-03
  0.511752E+00 -0.103698E-03  0.758186E-03
  0.512478E+00 -0.277090E-03  0.745407E-03
  0.513203E+00 -0.422709E-04  0.742649E-03
  0.513929E+00 -0.201242E-03  0.739736E-03
  0.514654E+00 -0.518405E-03  0.750810E-03
  0.515380E+00 -0.158727E-03  0.752909E-03
  0.516106E+00  0.136417E-03  0.773328E-03
  0.516831E+00  0.369035E-03  0.778945E-03
  0.517557E+00  0.459897E-03  0.797963E-03
  0.518282E+00 -0.780665E-04  0.835773E-03
  0.519008E+00  0.470008E-03  0.803881E-03
  0.519733E+00 -0.249193E-03  0.814086E-03
  0.520458E+00  0.390592E-04  0.827515E-03
  0.521184E+00 -0.127994E-03  0.853979E-03
  0.521909E+00 -0.140936E-03  0.834361E-03
  0.522635E+00  0.700823E-04  0.840063E-03
  0.523360E+00  0.119671E-03  0.854321E-03
  0.524085E+00 -0.223800E-03  0.860660E-03
  0.524811E+00  0.847235E-04  0.866499E-03
  0.525536E+00  0.597975E-03  0.872320E-03
  0.526261E+00  0.391469E-03  0.893173E-03
  0.526987E+00  0.695129E-03  0.885019E-03
  0.527712E+00 -0.220144E-03  0.893698E-03
  0.528437E+00 -0.909703E-04  0.887082E-03
  0.529163E+00 -0.959012E-04  0.910508E-03
  0.529888E+00  0.531378E-03  0.918195E-03
  0.530613E+00  0.249420E-03  0.921926E-03
  0.531338E+00 -0.202858E-03  0.905872E-03
  0.532063E+00  0.220787E-03  0.924869E-03
  0.532789E+00 -0.700118E-03  0.913825E-03
  0.533514E+00 -0.297115E-03  0.936366E-03
  0.534239E+00  0.217920E-03  0.927054E-03
  0.534964E+00  0.371840E-03  0.948879E-03
  0.535689E+00  0.662799E-03  0.951521E-03
  0.536414E+00  0.107837E-03  0.953722E-03
  0.537139E+00  0.288654E-03  0.944275E-03
  0.537864E+00 -0.429659E-03  0.950135E-03
  0.538589E+00 -0.491464E-03  0.969799E-03
  0.539314E+00  0.299586E-03  0.974521E-03
  0.540039E+00 -0.122305E-03  0.100026E-02
  0.540764E+00  0.193186E-03  0.100053E-02
  0.541489E+00 -0.103835E-02  0.990653E-03
  0.542214E+00  0.712772E-03  0.100718E-02
  0.542939E+00  0.137504E-03  0.997941E-03
  0.543664E+00  0.333526E-03  0.101033E-02
  0.544389E+00 -0.107374E-03  0.101671E-02
  0.545114E+00 -0.361491E-03  0.103744E-02
  0.545839E+00 -0.144436E-02  0.104578E-02
  0.546563E+00  0.394558E-03  0.103277E-02
  0.547288E+00  0.743505E-03  0.106856E-02
  0.548013E+00  0.481600E-04  0.106742E-02
  0.548738E+00 -0.152642E-03  0.105540E-02
  0.549463E+00 -0.521997E-03  0.104997E-02
  0.550187E+00  0.123413E-03  0.107295E-02
  0.550912E+00 -0.412512E-03  0.110659E-02
  0.551637E+00  0.337672E-03  0.107300E-02
  0.552361E+00 -0.127356E-02  0.109064E-02
  0.553086E+00 -0.106591E-02  0.108078E-02
  0.553811E+00 -0.281486E-03  0.109558E-02
  0.554535E+00 -0.583565E-03  0.110127E-02
  0.555260E+00 -0.586139E-03  0.111184E-02
  0.555985E+00  0.768473E-04  0.110968E-02
  0.556709E+00 -0.940455E-03  0.111308E-02
  0.557434E+00 -0.405873E-03  0.113016E-02
  0.558158E+00 -0.166273E-03  0.109185E-02
  0.558883E+00 -0.912099E-03  0.112400E-02
  0.559607E+00 -0.868096E-03  0.113500E-02
  0.560332E+00 -0.232022E-03  0.116122E-02
  0.561056E+00  0.106065E-02  0.119296E-02
  0.561781E+00 -0.165376E-03  0.112806E-02
  0.562505E+00  0.353900E-03  0.113292E-02
  0.563230E+00 -0.276938E-03  0.121969E-02
  0.563954E+00 -0.109497E-02  0.118029E-02
  0.564678E+00 -0.440785E-03  0.118354E-02
  0.565403E+00 -0.902451E-03  0.117889E-02
  0.566127E+00  0.170613E-03  0.121846E-02
  0.566852E+00 -0.471080E-03  0.121511E-02
  0.567576E+00  0.127843E-02  0.124520E-02
  0.568300E+00 -0.676537E-03  0.122469E-02
  0.569024E+00  0.104092E-03  0.124836E-02
  0.569749E+00 -0.483818E-03  0.126942E-02
  0.570473E+00 -0.710824E-03  0.127013E-02
  0.571197E+00  0.587988E-03  0.128692E-02
  0.571921E+00 -0.152208E-02  0.128871E-02
  0.572646E+00 -0.513553E-03  0.128207E-02
  0.573370E+00 -0.304835E-03  0.129019E-02
  0.574094E+00 -0.171283E-02  0.129139E-02
  0.574818E+00  0.105071E-02  0.133789E-02
  0.575542E+00 -0.844540E-03  0.131684E-02
  0.576266E+00 -0.145871E-02  0.133515E-02
  0.576990E+00  0.106747E-02  0.135895E-02
  0.577714E+00 -0.906388E-03  0.134356E-02
  0.578438E+00  0.854551E-04  0.138268E-02
  0.579162E+00  0.169336E-02  0.141552E-02
  0.579886E+00  0.519166E-03  0.142104E-02
  0.580610E+00  0.162553E-03  0.143990E-02
  0.581334E+00  0.100554E-02  0.137379E-02
  0.582058E+00 -0.934289E-03  0.147706E-02
  0.582782E+00  0.114081E-02  0.143789E-02
  0.583506E+00  0.576922E-03  0.150020E-02
  0.584230E+00 -0.567380E-04  0.146235E-02
  0.584954E+00 -0.844871E-03  0.147246E-02
  0.585678E+00 -0.633676E-03  0.157321E-02
  0.586402E+00 -0.583323E-03  0.149321E-02
  0.587125E+00  0.254795E-04  0.153335E-02
  0.587849E+00 -0.893823E-03  0.155491E-02
  0.588573E+00 -0.230965E-02  0.154488E-02
  0.589297E+00  0.277397E-03  0.164751E-02
  0.590021E+00 -0.355209E-03  0.159628E-02
  0.590744E+00  0.124756E-02  0.164735E-02
  0.591468E+00  0.125299E-02  0.165388E-02
  0.592192E+00  0.170595E-02  0.163224E-02
  0.592915E+00  0.398888E-03  0.165631E-02
  0.593639E+00 -0.179327E-02  0.161209E-02
  0.594363E+00 -0.108135E-02  0.175430E-02
  0.595086E+00  0.986897E-03  0.170165E-02
  0.595810E+00  0.166189E-02  0.171950E-02
  0.596533E+00  0.147981E-02  0.176654E-02
  0.597257E+00 -0.149860E-02  0.176322E-02
  0.597980E+00 -0.111088E-02  0.170564E-02
  0.598704E+00 -0.226144E-02  0.185413E-02
  0.599427E+00  0.973891E-03  0.180515E-02
  0.600151E+00  0.176483E-02  0.179750E-02
  0.600874E+00  0.169920E-03  0.175950E-02
  0.601598E+00 -0.687561E-03  0.179461E-02
  0.602321E+00  0.800735E-04  0.188036E-02
  0.603045E+00  0.105507E-02  0.179625E-02
  0.603768E+00 -0.123664E-02  0.195391E-02
  0.604491E+00  0.189534E-02  0.183856E-02
  0.605215E+00 -0.107711E-02  0.190093E-02
  0.605938E+00  0.164404E-02  0.194050E-02
  0.606661E+00  0.175278E-03  0.187755E-02
  0.607385E+00 -0.575545E-03  0.199596E-02
  0.608108E+00  0.575099E-03  0.194034E-02
  0.608831E+00 -0.169520E-03  0.194955E-02
  0.609554E+00  0.222769E-02  0.201675E-02
  0.610278E+00 -0.130680E-03  0.200648E-02
  0.611001E+00 -0.167889E-02  0.201398E-02
  0.611724E+00 -0.168832E-02  0.206779E-02
  0.612447E+00 -0.268887E-02  0.200449E-02
  0.613170E+00 -0.976093E-03  0.221643E-02
  0.613893E+00 -0.741466E-03  0.225672E-02
  0.614616E+00 -0.119425E-02  0.215328E-02
  0.615339E+00 -0.125310E-03  0.216558E-02
  0.616062E+00  0.210132E-02  0.228217E-02
  0.616786E+00  0.173777E-02  0.244349E-02
  0.617509E+00  0.413013E-03  0.264489E-02
  0.618231E+00 -0.346240E-02  0.292554E-02
  0.618954E+00  0.640928E-03  0.290308E-02
  0.619677E+00  0.323024E-02  0.304971E-02
  0.620400E+00 -0.120699E-02  0.365969E-02
  0.621123E+00 -0.332156E-02  0.427688E-02
  0.621846E+00  0.370020E-02  0.457872E-02
  0.622569E+00 -0.186130E-02  0.501113E-02
  0.623292E+00 -0.134674E-02  0.633681E-02
  0.624015E+00 -0.681256E-02  0.817870E-02
  0.624738E+00 -0.171584E-01  0.151906E-01
----------C:\Emma\Synchrotron_2016July\bam1o20_TRY1_raw_data_files_averaged_and_buffer_subtracted\raw_data\bam1o20_0p5mg_avg.dat-----------------------------
                                                                                
Parent(s): /tmp/qt_temp.MT2725 /tmp/qt_temp.hX2725 /tmp/qt_temp.SL2725 /tmp/qt_t
----------C:\Emma\Synchrotron_2016July\bam1o20_TRY1_raw_data_files_averaged_and_buffer_subtracted\raw_data\bam1o20_buffer_avg.dat-----------------------------
                                                                                
Parent(s): /tmp/qt_temp.MT2571 /tmp/qt_temp.hX2571 /tmp/qt_temp.SL2571 /tmp/qt_t
