 18-Sep-2016       (1.000 *bam1o20_0p25mg_ - 1.001 *bam1o20_buffer_) /  1.0000
bam1o20_0p25  Conc = .10E+01  Mult = .10E+01  N1 =    1  N2 =  843  SCALE =  1
 fer_avg.dat  Conc = .10E+01  Mult = .10E+01  N1 =    1  N2 =  843  SCALE =  1
  0.113375E-01  0.327055E-01  0.866961E-02
  0.120690E-01  0.283516E-01  0.493389E-02
  0.128004E-01  0.310230E-01  0.406826E-02
  0.135319E-01  0.299349E-01  0.359019E-02
  0.142633E-01  0.301026E-01  0.330989E-02
  0.149948E-01  0.264026E-01  0.299353E-02
  0.157262E-01  0.286634E-01  0.274690E-02
  0.164577E-01  0.294767E-01  0.267874E-02
  0.171891E-01  0.286424E-01  0.262873E-02
  0.179206E-01  0.280425E-01  0.250363E-02
  0.186520E-01  0.274858E-01  0.234496E-02
  0.193835E-01  0.268115E-01  0.229635E-02
  0.201149E-01  0.269747E-01  0.217923E-02
  0.208464E-01  0.262436E-01  0.222024E-02
  0.215778E-01  0.278922E-01  0.211703E-02
  0.223093E-01  0.255977E-01  0.209022E-02
  0.230407E-01  0.292348E-01  0.204710E-02
  0.237721E-01  0.245967E-01  0.208420E-02
  0.245036E-01  0.280482E-01  0.198496E-02
  0.252350E-01  0.262155E-01  0.193873E-02
  0.259665E-01  0.268485E-01  0.192573E-02
  0.266979E-01  0.236914E-01  0.187033E-02
  0.274293E-01  0.255493E-01  0.194000E-02
  0.281608E-01  0.254573E-01  0.179774E-02
  0.288922E-01  0.235886E-01  0.177728E-02
  0.296237E-01  0.242935E-01  0.181793E-02
  0.303551E-01  0.216937E-01  0.175287E-02
  0.310865E-01  0.218347E-01  0.176242E-02
  0.318180E-01  0.235527E-01  0.172897E-02
  0.325494E-01  0.215939E-01  0.186713E-02
  0.332808E-01  0.234699E-01  0.169322E-02
  0.340123E-01  0.233271E-01  0.155585E-02
  0.347437E-01  0.233431E-01  0.162011E-02
  0.354751E-01  0.216229E-01  0.159147E-02
  0.362065E-01  0.219332E-01  0.155534E-02
  0.369380E-01  0.210312E-01  0.159111E-02
  0.376694E-01  0.213313E-01  0.150275E-02
  0.384008E-01  0.222823E-01  0.152935E-02
  0.391322E-01  0.199909E-01  0.151338E-02
  0.398636E-01  0.206347E-01  0.147295E-02
  0.405951E-01  0.186310E-01  0.149982E-02
  0.413265E-01  0.192065E-01  0.144000E-02
  0.420579E-01  0.193400E-01  0.145816E-02
  0.427893E-01  0.176565E-01  0.144001E-02
  0.435207E-01  0.166770E-01  0.138864E-02
  0.442521E-01  0.172636E-01  0.142546E-02
  0.449836E-01  0.172001E-01  0.140617E-02
  0.457150E-01  0.177385E-01  0.140966E-02
  0.464464E-01  0.193736E-01  0.133487E-02
  0.471778E-01  0.173731E-01  0.135578E-02
  0.479092E-01  0.172377E-01  0.134052E-02
  0.486406E-01  0.165734E-01  0.134681E-02
  0.493720E-01  0.165641E-01  0.132132E-02
  0.501034E-01  0.166174E-01  0.128848E-02
  0.508348E-01  0.166080E-01  0.131810E-02
  0.515662E-01  0.158634E-01  0.132179E-02
  0.522976E-01  0.162476E-01  0.128878E-02
  0.530290E-01  0.148358E-01  0.129740E-02
  0.537604E-01  0.152610E-01  0.132744E-02
  0.544917E-01  0.147646E-01  0.132188E-02
  0.552231E-01  0.149329E-01  0.133787E-02
  0.559545E-01  0.129961E-01  0.137350E-02
  0.566859E-01  0.140622E-01  0.136529E-02
  0.574173E-01  0.127522E-01  0.145280E-02
  0.581487E-01  0.145099E-01  0.139654E-02
  0.588800E-01  0.129003E-01  0.144019E-02
  0.596114E-01  0.129824E-01  0.139666E-02
  0.603428E-01  0.123679E-01  0.139067E-02
  0.610742E-01  0.117195E-01  0.142010E-02
  0.618055E-01  0.110178E-01  0.137398E-02
  0.625369E-01  0.106517E-01  0.136081E-02
  0.632683E-01  0.110046E-01  0.135555E-02
  0.639996E-01  0.104225E-01  0.133785E-02
  0.647310E-01  0.113402E-01  0.134794E-02
  0.654624E-01  0.926795E-02  0.128565E-02
  0.661937E-01  0.908838E-02  0.128607E-02
  0.669251E-01  0.101159E-01  0.122262E-02
  0.676564E-01  0.855453E-02  0.122726E-02
  0.683878E-01  0.958690E-02  0.119362E-02
  0.691191E-01  0.883999E-02  0.118547E-02
  0.698505E-01  0.845257E-02  0.118627E-02
  0.705818E-01  0.806278E-02  0.118853E-02
  0.713132E-01  0.869312E-02  0.116140E-02
  0.720445E-01  0.864934E-02  0.116749E-02
  0.727759E-01  0.803693E-02  0.115998E-02
  0.735072E-01  0.756809E-02  0.112734E-02
  0.742385E-01  0.773055E-02  0.110787E-02
  0.749699E-01  0.676182E-02  0.112325E-02
  0.757012E-01  0.663234E-02  0.109857E-02
  0.764325E-01  0.647572E-02  0.110059E-02
  0.771638E-01  0.716062E-02  0.108245E-02
  0.778952E-01  0.644759E-02  0.105386E-02
  0.786265E-01  0.574123E-02  0.105771E-02
  0.793578E-01  0.589081E-02  0.104132E-02
  0.800891E-01  0.476532E-02  0.105074E-02
  0.808204E-01  0.485210E-02  0.103494E-02
  0.815517E-01  0.494330E-02  0.102977E-02
  0.822830E-01  0.494681E-02  0.103112E-02
  0.830143E-01  0.440559E-02  0.102661E-02
  0.837456E-01  0.487798E-02  0.100750E-02
  0.844769E-01  0.496910E-02  0.994538E-03
  0.852082E-01  0.376168E-02  0.101373E-02
  0.859395E-01  0.424192E-02  0.100116E-02
  0.866708E-01  0.408400E-02  0.100827E-02
  0.874021E-01  0.347701E-02  0.100156E-02
  0.881334E-01  0.374004E-02  0.973734E-03
  0.888647E-01  0.455691E-02  0.100083E-02
  0.895959E-01  0.264904E-02  0.995449E-03
  0.903272E-01  0.366616E-02  0.984026E-03
  0.910585E-01  0.381469E-02  0.100087E-02
  0.917897E-01  0.289559E-02  0.985499E-03
  0.925210E-01  0.281174E-02  0.101468E-02
  0.932523E-01  0.330471E-02  0.991427E-03
  0.939835E-01  0.170279E-02  0.999596E-03
  0.947148E-01  0.296900E-02  0.101982E-02
  0.954460E-01  0.292690E-02  0.100689E-02
  0.961773E-01  0.317054E-02  0.102078E-02
  0.969085E-01  0.172716E-02  0.989950E-03
  0.976398E-01  0.179553E-02  0.103321E-02
  0.983710E-01  0.256227E-02  0.100447E-02
  0.991023E-01  0.176967E-02  0.993646E-03
  0.998335E-01  0.172563E-02  0.100362E-02
  0.100565E+00  0.264693E-02  0.101055E-02
  0.101296E+00  0.160861E-02  0.100758E-02
  0.102027E+00  0.536870E-03  0.100042E-02
  0.102758E+00  0.257820E-02  0.100353E-02
  0.103490E+00  0.112811E-02  0.988400E-03
  0.104221E+00  0.210870E-02  0.946988E-03
  0.104952E+00  0.871323E-03  0.942665E-03
  0.105683E+00  0.256604E-02  0.923749E-03
  0.106414E+00  0.156744E-02  0.918707E-03
  0.107146E+00  0.148920E-02  0.932901E-03
  0.107877E+00  0.177633E-02  0.916168E-03
  0.108608E+00  0.248048E-02  0.905577E-03
  0.109339E+00  0.115180E-02  0.910147E-03
  0.110070E+00  0.956291E-03  0.892087E-03
  0.110802E+00  0.987286E-03  0.897164E-03
  0.111533E+00  0.656557E-03  0.897762E-03
  0.112264E+00  0.133463E-02  0.900634E-03
  0.112995E+00  0.144946E-02  0.881607E-03
  0.113726E+00  0.570605E-04  0.883623E-03
  0.114457E+00  0.207204E-03  0.887336E-03
  0.115189E+00  0.469466E-03  0.857392E-03
  0.115920E+00  0.993614E-03  0.866515E-03
  0.116651E+00 -0.410067E-04  0.871783E-03
  0.117382E+00  0.961306E-03  0.869412E-03
  0.118113E+00  0.965357E-03  0.873279E-03
  0.118844E+00  0.780702E-03  0.866691E-03
  0.119576E+00  0.654209E-03  0.856940E-03
  0.120307E+00  0.492001E-03  0.854136E-03
  0.121038E+00  0.357514E-03  0.858155E-03
  0.121769E+00  0.731843E-03  0.862635E-03
  0.122500E+00  0.375736E-03  0.843134E-03
  0.123231E+00  0.533145E-03  0.837456E-03
  0.123962E+00  0.351324E-03  0.827910E-03
  0.124693E+00  0.562628E-03  0.820626E-03
  0.125425E+00  0.230929E-04  0.813718E-03
  0.126156E+00  0.406346E-03  0.818827E-03
  0.126887E+00  0.408711E-03  0.823005E-03
  0.127618E+00  0.722713E-03  0.827440E-03
  0.128349E+00  0.120989E-02  0.825781E-03
  0.129080E+00 -0.979229E-04  0.812528E-03
  0.129811E+00  0.560790E-05  0.818343E-03
  0.130542E+00  0.755077E-03  0.796373E-03
  0.131273E+00  0.689996E-03  0.796457E-03
  0.132004E+00  0.127061E-02  0.823802E-03
  0.132735E+00 -0.438547E-03  0.790979E-03
  0.133466E+00  0.355997E-03  0.793699E-03
  0.134197E+00  0.162605E-02  0.792252E-03
  0.134929E+00  0.480433E-03  0.784422E-03
  0.135660E+00  0.488610E-03  0.781768E-03
  0.136391E+00  0.707383E-03  0.773512E-03
  0.137122E+00  0.909869E-03  0.755821E-03
  0.137853E+00  0.133090E-02  0.780419E-03
  0.138584E+00  0.808034E-03  0.778020E-03
  0.139315E+00  0.268048E-03  0.756529E-03
  0.140046E+00  0.719591E-03  0.751333E-03
  0.140777E+00 -0.127364E-03  0.774144E-03
  0.141508E+00  0.132913E-02  0.763699E-03
  0.142239E+00  0.452063E-03  0.771875E-03
  0.142970E+00  0.944988E-03  0.765096E-03
  0.143701E+00  0.619527E-03  0.737773E-03
  0.144432E+00  0.136326E-02  0.758139E-03
  0.145163E+00  0.534907E-03  0.755679E-03
  0.145894E+00  0.532429E-04  0.759150E-03
  0.146625E+00  0.441941E-03  0.754746E-03
  0.147356E+00  0.935327E-03  0.753798E-03
  0.148087E+00  0.108480E-02  0.750236E-03
  0.148818E+00  0.102181E-02  0.732070E-03
  0.149549E+00  0.513451E-03  0.731598E-03
  0.150280E+00  0.118056E-02  0.740555E-03
  0.151011E+00  0.867896E-03  0.736215E-03
  0.151741E+00  0.118996E-02  0.730650E-03
  0.152472E+00  0.413442E-03  0.727967E-03
  0.153203E+00  0.138202E-02  0.722214E-03
  0.153934E+00  0.939630E-03  0.731720E-03
  0.154665E+00  0.793876E-03  0.734299E-03
  0.155396E+00  0.135757E-02  0.725371E-03
  0.156127E+00  0.106740E-02  0.731433E-03
  0.156858E+00  0.123937E-02  0.722150E-03
  0.157589E+00  0.119289E-02  0.719540E-03
  0.158320E+00  0.108058E-02  0.720253E-03
  0.159051E+00  0.158454E-02  0.715107E-03
  0.159782E+00  0.458562E-03  0.725640E-03
  0.160512E+00  0.183253E-03  0.705816E-03
  0.161243E+00  0.438358E-03  0.705315E-03
  0.161974E+00  0.104194E-02  0.711150E-03
  0.162705E+00  0.130762E-02  0.708481E-03
  0.163436E+00  0.204702E-02  0.709904E-03
  0.164167E+00  0.143979E-02  0.707511E-03
  0.164898E+00  0.844689E-03  0.692879E-03
  0.165628E+00  0.725032E-03  0.696856E-03
  0.166359E+00  0.681180E-03  0.701105E-03
  0.167090E+00  0.197794E-03  0.695806E-03
  0.167821E+00  0.988512E-03  0.692391E-03
  0.168552E+00  0.174494E-02  0.680366E-03
  0.169283E+00  0.124624E-02  0.681754E-03
  0.170013E+00  0.134794E-02  0.688303E-03
  0.170744E+00  0.135271E-02  0.685000E-03
  0.171475E+00  0.123532E-02  0.678008E-03
  0.172206E+00  0.126761E-02  0.692684E-03
  0.172937E+00  0.187704E-02  0.684430E-03
  0.173667E+00  0.161842E-02  0.673652E-03
  0.174398E+00  0.105797E-02  0.669345E-03
  0.175129E+00  0.147033E-02  0.668745E-03
  0.175860E+00  0.873602E-03  0.671105E-03
  0.176590E+00  0.122363E-02  0.666426E-03
  0.177321E+00  0.142916E-02  0.673014E-03
  0.178052E+00  0.140630E-02  0.667907E-03
  0.178783E+00  0.698002E-03  0.665289E-03
  0.179513E+00  0.143607E-02  0.660474E-03
  0.180244E+00  0.817027E-03  0.657848E-03
  0.180975E+00  0.190432E-02  0.660035E-03
  0.181706E+00  0.262534E-03  0.663444E-03
  0.182436E+00  0.167709E-02  0.645095E-03
  0.183167E+00  0.828058E-03  0.650732E-03
  0.183898E+00  0.146993E-02  0.648852E-03
  0.184629E+00  0.158425E-02  0.644650E-03
  0.185359E+00  0.158319E-02  0.655946E-03
  0.186090E+00  0.112854E-02  0.647714E-03
  0.186821E+00  0.102158E-02  0.654652E-03
  0.187551E+00  0.980072E-03  0.650826E-03
  0.188282E+00  0.128108E-02  0.639396E-03
  0.189013E+00  0.135125E-02  0.632746E-03
  0.189743E+00  0.149421E-02  0.643549E-03
  0.190474E+00  0.685496E-03  0.649111E-03
  0.191205E+00  0.120462E-02  0.641086E-03
  0.191935E+00  0.159152E-02  0.636387E-03
  0.192666E+00  0.158603E-02  0.628564E-03
  0.193396E+00  0.135992E-02  0.627916E-03
  0.194127E+00  0.150326E-02  0.627975E-03
  0.194858E+00  0.110751E-02  0.626972E-03
  0.195588E+00  0.142971E-02  0.625539E-03
  0.196319E+00  0.124380E-02  0.625752E-03
  0.197049E+00  0.126242E-02  0.623010E-03
  0.197780E+00  0.101099E-02  0.620305E-03
  0.198511E+00  0.137201E-02  0.622422E-03
  0.199241E+00  0.116773E-02  0.614489E-03
  0.199972E+00  0.165723E-02  0.620089E-03
  0.200702E+00  0.103753E-02  0.619017E-03
  0.201433E+00  0.138275E-02  0.619956E-03
  0.202163E+00  0.115151E-02  0.626260E-03
  0.202894E+00  0.105895E-02  0.616304E-03
  0.203625E+00  0.139756E-02  0.611843E-03
  0.204355E+00  0.902552E-03  0.623557E-03
  0.205086E+00  0.144748E-02  0.624872E-03
  0.205816E+00  0.160579E-02  0.610224E-03
  0.206547E+00  0.995849E-03  0.616873E-03
  0.207277E+00  0.135730E-02  0.612640E-03
  0.208008E+00  0.152235E-02  0.615012E-03
  0.208738E+00  0.916466E-03  0.624756E-03
  0.209469E+00  0.685721E-03  0.637540E-03
  0.210199E+00  0.919175E-03  0.622051E-03
  0.210930E+00  0.113062E-02  0.626930E-03
  0.211660E+00  0.194622E-02  0.618274E-03
  0.212390E+00  0.774361E-03  0.615945E-03
  0.213121E+00  0.638165E-03  0.616053E-03
  0.213851E+00  0.151479E-02  0.621262E-03
  0.214582E+00  0.142498E-02  0.626213E-03
  0.215312E+00  0.871081E-03  0.623387E-03
  0.216043E+00  0.905191E-03  0.615703E-03
  0.216773E+00  0.103064E-02  0.635288E-03
  0.217503E+00  0.101062E-02  0.623604E-03
  0.218234E+00  0.661733E-03  0.634623E-03
  0.218964E+00  0.123063E-02  0.630427E-03
  0.219695E+00  0.135656E-02  0.629566E-03
  0.220425E+00  0.109452E-02  0.623962E-03
  0.221155E+00  0.803186E-03  0.614628E-03
  0.221886E+00  0.124203E-02  0.626555E-03
  0.222616E+00  0.755772E-03  0.607798E-03
  0.223346E+00  0.245702E-03  0.611673E-03
  0.224077E+00  0.151103E-02  0.608549E-03
  0.224807E+00  0.117106E-02  0.597542E-03
  0.225537E+00  0.973360E-03  0.609053E-03
  0.226268E+00  0.156485E-02  0.597116E-03
  0.226998E+00  0.112165E-02  0.597487E-03
  0.227728E+00  0.877314E-03  0.602158E-03
  0.228459E+00  0.783757E-03  0.595096E-03
  0.229189E+00  0.106007E-02  0.591300E-03
  0.229919E+00  0.757883E-03  0.593498E-03
  0.230650E+00  0.561481E-03  0.587197E-03
  0.231380E+00  0.964198E-03  0.587975E-03
  0.232110E+00  0.429003E-03  0.604338E-03
  0.232840E+00  0.113451E-02  0.597999E-03
  0.233571E+00  0.881770E-03  0.583780E-03
  0.234301E+00  0.675304E-03  0.590901E-03
  0.235031E+00  0.532036E-03  0.587598E-03
  0.235761E+00  0.224803E-03  0.571803E-03
  0.236491E+00  0.434814E-03  0.571442E-03
  0.237222E+00  0.653198E-03  0.581651E-03
  0.237952E+00  0.769072E-03  0.576961E-03
  0.238682E+00  0.358025E-03  0.575707E-03
  0.239412E+00  0.272020E-03  0.576509E-03
  0.240142E+00  0.474077E-03  0.570811E-03
  0.240873E+00  0.141233E-02  0.566568E-03
  0.241603E+00  0.343066E-03  0.576450E-03
  0.242333E+00  0.461184E-03  0.557708E-03
  0.243063E+00  0.668301E-03  0.574191E-03
  0.243793E+00  0.548238E-03  0.566169E-03
  0.244523E+00  0.158252E-03  0.573800E-03
  0.245253E+00  0.679655E-03  0.558458E-03
  0.245984E+00  0.203240E-03  0.574356E-03
  0.246714E+00  0.885071E-03  0.576897E-03
  0.247444E+00  0.984488E-03  0.570952E-03
  0.248174E+00  0.256592E-03  0.591286E-03
  0.248904E+00  0.413430E-03  0.575513E-03
  0.249634E+00  0.201300E-03  0.586155E-03
  0.250364E+00  0.839758E-03  0.582442E-03
  0.251094E+00  0.816243E-03  0.590129E-03
  0.251824E+00  0.430615E-03  0.582960E-03
  0.252554E+00  0.290576E-03  0.578829E-03
  0.253284E+00  0.229756E-03  0.583727E-03
  0.254014E+00  0.356734E-03  0.582094E-03
  0.254744E+00  0.625093E-03  0.582561E-03
  0.255474E+00  0.286932E-03  0.587714E-03
  0.256204E+00  0.407088E-03  0.582736E-03
  0.256934E+00 -0.231587E-03  0.563854E-03
  0.257664E+00  0.310385E-03  0.580610E-03
  0.258394E+00  0.105269E-02  0.580019E-03
  0.259124E+00  0.468234E-03  0.582157E-03
  0.259854E+00  0.646455E-03  0.579107E-03
  0.260584E+00  0.101788E-02  0.575603E-03
  0.261314E+00  0.105498E-02  0.584559E-03
  0.262044E+00  0.336029E-03  0.590900E-03
  0.262774E+00  0.668925E-04  0.586679E-03
  0.263504E+00  0.203121E-03  0.576021E-03
  0.264234E+00  0.147427E-03  0.575122E-03
  0.264964E+00  0.902432E-03  0.570397E-03
  0.265693E+00  0.695696E-03  0.578098E-03
  0.266423E+00  0.962970E-03  0.577421E-03
  0.267153E+00  0.599435E-03  0.571614E-03
  0.267883E+00  0.338912E-03  0.578437E-03
  0.268613E+00  0.219131E-03  0.583676E-03
  0.269343E+00  0.610497E-03  0.572823E-03
  0.270073E+00 -0.408455E-04  0.584765E-03
  0.270802E+00  0.247083E-04  0.584183E-03
  0.271532E+00 -0.216121E-03  0.580830E-03
  0.272262E+00  0.460560E-03  0.575267E-03
  0.272992E+00  0.365326E-03  0.584243E-03
  0.273722E+00 -0.121774E-04  0.577235E-03
  0.274451E+00 -0.731237E-04  0.569626E-03
  0.275181E+00  0.276940E-03  0.573688E-03
  0.275911E+00  0.326439E-04  0.571298E-03
  0.276641E+00 -0.360123E-04  0.584930E-03
  0.277371E+00 -0.165433E-03  0.567786E-03
  0.278100E+00  0.104583E-02  0.574222E-03
  0.278830E+00  0.975411E-04  0.582532E-03
  0.279560E+00  0.499150E-03  0.567290E-03
  0.280289E+00 -0.604485E-04  0.567472E-03
  0.281019E+00  0.238194E-03  0.578377E-03
  0.281749E+00  0.447960E-03  0.567199E-03
  0.282479E+00  0.543815E-03  0.566280E-03
  0.283208E+00  0.789828E-03  0.574066E-03
  0.283938E+00  0.182216E-03  0.564619E-03
  0.284668E+00  0.449362E-03  0.552841E-03
  0.285397E+00  0.755961E-03  0.570534E-03
  0.286127E+00  0.103356E-03  0.570364E-03
  0.286856E+00 -0.210538E-03  0.566544E-03
  0.287586E+00 -0.293803E-03  0.571073E-03
  0.288316E+00  0.806027E-03  0.572342E-03
  0.289045E+00  0.170806E-03  0.570334E-03
  0.289775E+00  0.578744E-03  0.565392E-03
  0.290504E+00  0.588240E-03  0.558496E-03
  0.291234E+00  0.525529E-03  0.554014E-03
  0.291964E+00  0.224068E-03  0.556650E-03
  0.292693E+00  0.480755E-03  0.552548E-03
  0.293423E+00  0.128056E-03  0.565414E-03
  0.294152E+00 -0.158330E-05  0.573283E-03
  0.294882E+00  0.137158E-03  0.556248E-03
  0.295611E+00  0.391190E-03  0.565371E-03
  0.296341E+00  0.210739E-04  0.563201E-03
  0.297070E+00  0.260622E-03  0.564244E-03
  0.297800E+00  0.270130E-03  0.568252E-03
  0.298529E+00  0.215561E-03  0.557484E-03
  0.299259E+00  0.340048E-03  0.564703E-03
  0.299988E+00  0.267737E-03  0.556143E-03
  0.300718E+00 -0.297860E-03  0.569882E-03
  0.301447E+00  0.186454E-03  0.573911E-03
  0.302176E+00  0.365257E-03  0.565607E-03
  0.302906E+00  0.469632E-03  0.559727E-03
  0.303635E+00 -0.246281E-03  0.579855E-03
  0.304365E+00 -0.560745E-03  0.584889E-03
  0.305094E+00  0.485244E-03  0.587244E-03
  0.305823E+00 -0.336503E-03  0.571239E-03
  0.306553E+00  0.552050E-05  0.584801E-03
  0.307282E+00  0.154005E-03  0.574529E-03
  0.308012E+00 -0.343694E-03  0.596252E-03
  0.308741E+00  0.602335E-03  0.579472E-03
  0.309470E+00  0.319809E-03  0.582042E-03
  0.310200E+00  0.988455E-04  0.567419E-03
  0.310929E+00  0.536632E-03  0.586944E-03
  0.311658E+00  0.295966E-03  0.576064E-03
  0.312387E+00  0.548045E-03  0.594163E-03
  0.313117E+00  0.193872E-03  0.582624E-03
  0.313846E+00 -0.212418E-03  0.599628E-03
  0.314575E+00  0.609391E-03  0.590352E-03
  0.315305E+00  0.378621E-03  0.596221E-03
  0.316034E+00  0.137111E-03  0.576713E-03
  0.316763E+00  0.486008E-03  0.588162E-03
  0.317492E+00 -0.190289E-04  0.582826E-03
  0.318221E+00 -0.386299E-04  0.594074E-03
  0.318951E+00  0.108118E-03  0.590755E-03
  0.319680E+00 -0.174419E-03  0.590185E-03
  0.320409E+00  0.749296E-04  0.593213E-03
  0.321138E+00  0.310945E-03  0.581642E-03
  0.321867E+00 -0.196567E-03  0.598380E-03
  0.322596E+00  0.295058E-03  0.602514E-03
  0.323326E+00 -0.146958E-03  0.603154E-03
  0.324055E+00 -0.396991E-03  0.605239E-03
  0.324784E+00  0.223102E-04  0.591768E-03
  0.325513E+00  0.524635E-03  0.597642E-03
  0.326242E+00  0.218335E-03  0.583691E-03
  0.326971E+00 -0.339500E-03  0.593316E-03
  0.327700E+00  0.122343E-03  0.588605E-03
  0.328429E+00 -0.817190E-05  0.597413E-03
  0.329158E+00 -0.580225E-03  0.612893E-03
  0.329887E+00  0.296657E-03  0.595423E-03
  0.330616E+00 -0.158482E-03  0.600375E-03
  0.331345E+00  0.461683E-03  0.606622E-03
  0.332074E+00 -0.622405E-04  0.600942E-03
  0.332803E+00  0.210289E-03  0.615826E-03
  0.333532E+00  0.112233E-03  0.599951E-03
  0.334261E+00  0.179418E-03  0.593109E-03
  0.334990E+00  0.760969E-03  0.607111E-03
  0.335719E+00 -0.148071E-03  0.603557E-03
  0.336448E+00 -0.944805E-04  0.597483E-03
  0.337177E+00  0.266758E-03  0.614908E-03
  0.337906E+00 -0.547008E-03  0.607076E-03
  0.338635E+00  0.161542E-03  0.610248E-03
  0.339364E+00  0.354920E-03  0.598001E-03
  0.340093E+00  0.447915E-03  0.587249E-03
  0.340822E+00  0.121840E-03  0.606002E-03
  0.341551E+00 -0.148307E-03  0.598637E-03
  0.342279E+00  0.323834E-03  0.602118E-03
  0.343008E+00  0.372929E-03  0.604119E-03
  0.343737E+00  0.267175E-03  0.611942E-03
  0.344466E+00 -0.270197E-03  0.600452E-03
  0.345195E+00 -0.145305E-03  0.614987E-03
  0.345923E+00  0.541200E-03  0.608457E-03
  0.346652E+00  0.369179E-03  0.606942E-03
  0.347381E+00  0.418503E-04  0.599777E-03
  0.348110E+00  0.468106E-03  0.593565E-03
  0.348839E+00 -0.431360E-03  0.606291E-03
  0.349567E+00  0.496300E-03  0.593825E-03
  0.350296E+00  0.176510E-03  0.616895E-03
  0.351025E+00  0.138247E-03  0.601525E-03
  0.351753E+00  0.498729E-03  0.617638E-03
  0.352482E+00  0.693814E-03  0.614854E-03
  0.353211E+00 -0.479994E-03  0.602228E-03
  0.353940E+00 -0.939400E-05  0.603498E-03
  0.354668E+00  0.212988E-03  0.605518E-03
  0.355397E+00 -0.950697E-04  0.613163E-03
  0.356126E+00  0.408099E-03  0.611655E-03
  0.356854E+00  0.132709E-04  0.616534E-03
  0.357583E+00  0.745213E-03  0.618752E-03
  0.358311E+00  0.109008E-03  0.604483E-03
  0.359040E+00  0.158789E-03  0.610962E-03
  0.359769E+00  0.563485E-03  0.610489E-03
  0.360497E+00  0.170994E-03  0.607622E-03
  0.361226E+00 -0.440883E-03  0.610895E-03
  0.361954E+00  0.592105E-03  0.616220E-03
  0.362683E+00  0.479401E-03  0.631259E-03
  0.363411E+00 -0.250890E-03  0.614043E-03
  0.364140E+00  0.537334E-03  0.632402E-03
  0.364868E+00  0.114352E-03  0.645699E-03
  0.365597E+00  0.109048E-03  0.628808E-03
  0.366325E+00 -0.934422E-03  0.656703E-03
  0.367054E+00  0.744236E-04  0.630827E-03
  0.367782E+00  0.238945E-03  0.651855E-03
  0.368511E+00  0.735225E-03  0.642395E-03
  0.369239E+00  0.504959E-03  0.645340E-03
  0.369967E+00  0.344932E-03  0.665381E-03
  0.370696E+00 -0.823820E-05  0.646527E-03
  0.371424E+00  0.391336E-04  0.650089E-03
  0.372153E+00 -0.110390E-03  0.658034E-03
  0.372881E+00  0.352541E-03  0.649721E-03
  0.373609E+00 -0.308282E-03  0.664261E-03
  0.374338E+00 -0.198847E-03  0.659382E-03
  0.375066E+00  0.635071E-03  0.655228E-03
  0.375794E+00  0.476451E-04  0.640375E-03
  0.376523E+00  0.346272E-03  0.640390E-03
  0.377251E+00  0.848660E-03  0.654794E-03
  0.377979E+00 -0.266573E-04  0.641965E-03
  0.378708E+00 -0.401727E-03  0.638398E-03
  0.379436E+00 -0.401616E-03  0.646226E-03
  0.380164E+00  0.905904E-03  0.630093E-03
  0.380892E+00 -0.818993E-04  0.644024E-03
  0.381621E+00 -0.154440E-03  0.634718E-03
  0.382349E+00  0.411228E-03  0.631445E-03
  0.383077E+00  0.203104E-03  0.619884E-03
  0.383805E+00 -0.354441E-03  0.627785E-03
  0.384533E+00  0.482319E-03  0.630700E-03
  0.385261E+00 -0.721131E-04  0.620130E-03
  0.385990E+00  0.261277E-03  0.635357E-03
  0.386718E+00  0.176407E-03  0.639447E-03
  0.387446E+00  0.108932E-03  0.640647E-03
  0.388174E+00  0.159479E-03  0.625284E-03
  0.388902E+00 -0.239463E-03  0.648785E-03
  0.389630E+00 -0.188750E-03  0.642497E-03
  0.390358E+00  0.262993E-03  0.636833E-03
  0.391086E+00  0.685119E-03  0.638102E-03
  0.391814E+00 -0.492819E-03  0.622815E-03
  0.392542E+00 -0.401400E-03  0.627514E-03
  0.393270E+00  0.577750E-04  0.635952E-03
  0.393998E+00  0.138791E-03  0.635241E-03
  0.394726E+00 -0.315714E-03  0.646105E-03
  0.395454E+00 -0.152677E-03  0.638539E-03
  0.396182E+00  0.469054E-03  0.634573E-03
  0.396910E+00 -0.344089E-04  0.620989E-03
  0.397638E+00  0.259393E-03  0.630979E-03
  0.398366E+00  0.313988E-03  0.631995E-03
  0.399094E+00 -0.116150E-04  0.616241E-03
  0.399822E+00  0.369981E-03  0.632504E-03
  0.400550E+00 -0.646476E-04  0.620790E-03
  0.401278E+00  0.257387E-04  0.620748E-03
  0.402006E+00  0.499469E-03  0.616734E-03
  0.402734E+00  0.452728E-03  0.629805E-03
  0.403461E+00  0.101141E-03  0.634312E-03
  0.404189E+00  0.126612E-04  0.621631E-03
  0.404917E+00 -0.245391E-03  0.614680E-03
  0.405645E+00 -0.217061E-04  0.623614E-03
  0.406373E+00  0.769198E-04  0.616818E-03
  0.407100E+00  0.305155E-03  0.626033E-03
  0.407828E+00 -0.123934E-04  0.616104E-03
  0.408556E+00 -0.486298E-04  0.625430E-03
  0.409284E+00  0.340505E-03  0.625369E-03
  0.410011E+00  0.331490E-03  0.613595E-03
  0.410739E+00 -0.262475E-03  0.629021E-03
  0.411467E+00 -0.940677E-04  0.611134E-03
  0.412195E+00  0.672020E-03  0.618412E-03
  0.412922E+00  0.411916E-03  0.612746E-03
  0.413650E+00  0.701581E-03  0.613424E-03
  0.414378E+00  0.300526E-03  0.613996E-03
  0.415105E+00 -0.329053E-03  0.619669E-03
  0.415833E+00  0.649420E-03  0.635612E-03
  0.416560E+00  0.231722E-04  0.629968E-03
  0.417288E+00  0.209251E-03  0.642198E-03
  0.418016E+00  0.412021E-03  0.638172E-03
  0.418743E+00 -0.588047E-03  0.648092E-03
  0.419471E+00  0.832336E-03  0.646252E-03
  0.420198E+00  0.237415E-03  0.647557E-03
  0.420926E+00 -0.198447E-03  0.649703E-03
  0.421653E+00  0.304875E-03  0.642852E-03
  0.422381E+00  0.372741E-03  0.646574E-03
  0.423108E+00 -0.232994E-03  0.655088E-03
  0.423836E+00  0.477486E-04  0.642198E-03
  0.424563E+00 -0.668539E-03  0.663410E-03
  0.425291E+00 -0.106365E-03  0.658763E-03
  0.426018E+00 -0.571993E-04  0.666442E-03
  0.426745E+00 -0.492571E-03  0.664691E-03
  0.427473E+00  0.296694E-03  0.661803E-03
  0.428200E+00 -0.102783E-03  0.668534E-03
  0.428928E+00  0.457699E-03  0.667842E-03
  0.429655E+00  0.481331E-03  0.652971E-03
  0.430382E+00 -0.155300E-04  0.667022E-03
  0.431110E+00 -0.266161E-03  0.683300E-03
  0.431837E+00  0.368112E-03  0.671558E-03
  0.432564E+00 -0.151768E-03  0.664614E-03
  0.433292E+00 -0.654406E-03  0.686112E-03
  0.434019E+00 -0.871601E-03  0.686416E-03
  0.434746E+00 -0.315647E-04  0.685446E-03
  0.435473E+00  0.680448E-03  0.669871E-03
  0.436201E+00 -0.667687E-03  0.687375E-03
  0.436928E+00  0.275453E-03  0.681520E-03
  0.437655E+00 -0.365577E-03  0.709314E-03
  0.438382E+00  0.623241E-04  0.712494E-03
  0.439109E+00  0.179027E-03  0.700324E-03
  0.439837E+00  0.765144E-04  0.696351E-03
  0.440564E+00  0.209718E-03  0.691015E-03
  0.441291E+00 -0.395744E-03  0.688814E-03
  0.442018E+00  0.375559E-03  0.708500E-03
  0.442745E+00 -0.385490E-03  0.691583E-03
  0.443472E+00  0.118031E-03  0.692630E-03
  0.444199E+00 -0.246959E-03  0.688079E-03
  0.444926E+00 -0.101043E-02  0.674247E-03
  0.445653E+00 -0.593720E-05  0.701212E-03
  0.446380E+00  0.240168E-03  0.686715E-03
  0.447107E+00  0.338911E-04  0.698077E-03
  0.447834E+00 -0.313773E-03  0.683366E-03
  0.448561E+00 -0.506016E-03  0.690057E-03
  0.449288E+00 -0.338577E-04  0.699553E-03
  0.450015E+00  0.230138E-03  0.688874E-03
  0.450742E+00 -0.414172E-03  0.711459E-03
  0.451469E+00 -0.157996E-04  0.690743E-03
  0.452196E+00 -0.187085E-03  0.699807E-03
  0.452923E+00 -0.307780E-03  0.700773E-03
  0.453650E+00 -0.274057E-03  0.704464E-03
  0.454377E+00  0.847501E-03  0.698379E-03
  0.455104E+00  0.194114E-03  0.709326E-03
  0.455831E+00  0.500084E-03  0.698988E-03
  0.456557E+00  0.469165E-04  0.717244E-03
  0.457284E+00  0.926279E-03  0.705475E-03
  0.458011E+00 -0.126215E-04  0.713032E-03
  0.458738E+00 -0.122659E-03  0.703435E-03
  0.459465E+00 -0.448323E-03  0.714601E-03
  0.460191E+00 -0.107917E-03  0.710061E-03
  0.460918E+00  0.247537E-03  0.733951E-03
  0.461645E+00  0.837249E-03  0.729201E-03
  0.462372E+00  0.621397E-03  0.730058E-03
  0.463098E+00 -0.217494E-03  0.722196E-03
  0.463825E+00  0.663501E-04  0.728374E-03
  0.464552E+00 -0.269360E-03  0.731884E-03
  0.465278E+00  0.374480E-03  0.718372E-03
  0.466005E+00  0.742349E-03  0.724024E-03
  0.466732E+00 -0.314728E-03  0.724903E-03
  0.467458E+00  0.160602E-03  0.723128E-03
  0.468185E+00  0.740502E-03  0.747405E-03
  0.468911E+00  0.114479E-04  0.722579E-03
  0.469638E+00 -0.353500E-03  0.716520E-03
  0.470364E+00  0.714351E-03  0.724901E-03
  0.471091E+00 -0.236381E-03  0.719153E-03
  0.471817E+00  0.258301E-03  0.731999E-03
  0.472544E+00  0.435227E-03  0.727072E-03
  0.473270E+00 -0.174845E-03  0.731095E-03
  0.473997E+00  0.139479E-04  0.727820E-03
  0.474723E+00  0.295560E-03  0.711468E-03
  0.475450E+00 -0.463337E-03  0.735840E-03
  0.476176E+00 -0.242387E-03  0.740825E-03
  0.476903E+00 -0.265707E-03  0.733047E-03
  0.477629E+00  0.401967E-03  0.735255E-03
  0.478355E+00  0.205040E-03  0.735893E-03
  0.479082E+00  0.336046E-03  0.712175E-03
  0.479808E+00  0.534226E-04  0.735700E-03
  0.480535E+00 -0.241246E-03  0.755547E-03
  0.481261E+00 -0.255396E-03  0.761866E-03
  0.481987E+00 -0.799879E-04  0.733595E-03
  0.482713E+00 -0.117174E-03  0.743536E-03
  0.483440E+00 -0.754588E-03  0.750463E-03
  0.484166E+00  0.298482E-03  0.734600E-03
  0.484892E+00  0.680643E-04  0.722362E-03
  0.485618E+00 -0.674383E-03  0.734070E-03
  0.486345E+00  0.277148E-03  0.730958E-03
  0.487071E+00 -0.770180E-04  0.731999E-03
  0.487797E+00  0.100046E-02  0.735063E-03
  0.488523E+00  0.302375E-04  0.720197E-03
  0.489249E+00  0.688857E-03  0.730317E-03
  0.489975E+00 -0.170363E-03  0.733914E-03
  0.490702E+00  0.229549E-03  0.762908E-03
  0.491428E+00 -0.464188E-03  0.737880E-03
  0.492154E+00 -0.133385E-03  0.750492E-03
  0.492880E+00  0.645754E-04  0.745779E-03
  0.493606E+00 -0.677093E-04  0.752702E-03
  0.494332E+00  0.399709E-03  0.739475E-03
  0.495058E+00 -0.417582E-03  0.730419E-03
  0.495784E+00  0.408446E-03  0.740924E-03
  0.496510E+00 -0.580780E-03  0.737068E-03
  0.497236E+00  0.575498E-03  0.721751E-03
  0.497962E+00 -0.333293E-03  0.752576E-03
  0.498688E+00  0.202178E-03  0.743206E-03
  0.499414E+00 -0.369177E-03  0.740945E-03
  0.500140E+00  0.730511E-04  0.745792E-03
  0.500866E+00 -0.214415E-03  0.724052E-03
  0.501591E+00  0.401788E-03  0.738389E-03
  0.502317E+00  0.517650E-03  0.745088E-03
  0.503043E+00 -0.930445E-04  0.742478E-03
  0.503769E+00  0.276990E-03  0.742186E-03
  0.504495E+00  0.295618E-03  0.740911E-03
  0.505221E+00  0.652921E-04  0.750476E-03
  0.505946E+00  0.559124E-03  0.738057E-03
  0.506672E+00 -0.832364E-03  0.741652E-03
  0.507398E+00  0.615941E-03  0.745094E-03
  0.508124E+00  0.940819E-03  0.751210E-03
  0.508849E+00 -0.126536E-03  0.754729E-03
  0.509575E+00 -0.177069E-03  0.744744E-03
  0.510301E+00  0.630121E-03  0.741941E-03
  0.511026E+00 -0.475349E-04  0.740311E-03
  0.511752E+00  0.123867E-03  0.761094E-03
  0.512478E+00 -0.794463E-03  0.743539E-03
  0.513203E+00  0.159097E-04  0.744389E-03
  0.513929E+00 -0.356914E-03  0.739087E-03
  0.514654E+00 -0.520135E-03  0.747719E-03
  0.515380E+00 -0.209009E-03  0.753420E-03
  0.516106E+00  0.219772E-03  0.772612E-03
  0.516831E+00 -0.227488E-03  0.775710E-03
  0.517557E+00 -0.125835E-03  0.799789E-03
  0.518282E+00 -0.504255E-03  0.836227E-03
  0.519008E+00  0.756103E-03  0.804491E-03
  0.519733E+00  0.638336E-03  0.813359E-03
  0.520458E+00 -0.287314E-03  0.826738E-03
  0.521184E+00 -0.126598E-03  0.853173E-03
  0.521909E+00 -0.159512E-03  0.834963E-03
  0.522635E+00 -0.526006E-03  0.842036E-03
  0.523360E+00  0.138124E-03  0.857646E-03
  0.524085E+00  0.342600E-03  0.852997E-03
  0.524811E+00 -0.114025E-03  0.860094E-03
  0.525536E+00  0.337915E-04  0.867409E-03
  0.526261E+00  0.535690E-03  0.888170E-03
  0.526987E+00  0.210543E-03  0.875543E-03
  0.527712E+00  0.490521E-04  0.888587E-03
  0.528437E+00  0.225810E-03  0.886284E-03
  0.529163E+00 -0.944004E-04  0.905387E-03
  0.529888E+00  0.112026E-03  0.918808E-03
  0.530613E+00  0.190640E-03  0.915146E-03
  0.531338E+00 -0.215686E-03  0.905041E-03
  0.532063E+00  0.897363E-03  0.914981E-03
  0.532789E+00 -0.313339E-03  0.917537E-03
  0.533514E+00 -0.352738E-03  0.937006E-03
  0.534239E+00  0.704540E-03  0.926238E-03
  0.534964E+00  0.942800E-04  0.948013E-03
  0.535689E+00  0.969233E-03  0.946030E-03
  0.536414E+00 -0.432821E-03  0.951278E-03
  0.537139E+00  0.246618E-03  0.937212E-03
  0.537864E+00 -0.978786E-03  0.950857E-03
  0.538589E+00 -0.611221E-03  0.981626E-03
  0.539314E+00  0.438829E-03  0.972101E-03
  0.540039E+00 -0.173935E-03  0.100250E-02
  0.540764E+00  0.576295E-03  0.100112E-02
  0.541489E+00 -0.539683E-03  0.996324E-03
  0.542214E+00  0.668024E-03  0.999698E-03
  0.542939E+00  0.547368E-03  0.992159E-03
  0.543664E+00  0.235875E-03  0.999325E-03
  0.544389E+00 -0.409791E-03  0.101417E-02
  0.545114E+00  0.774370E-03  0.103315E-02
  0.545839E+00 -0.766121E-03  0.104985E-02
  0.546563E+00 -0.307247E-03  0.102856E-02
  0.547288E+00  0.617635E-03  0.105742E-02
  0.548013E+00 -0.462980E-03  0.105809E-02
  0.548738E+00 -0.358947E-03  0.105794E-02
  0.549463E+00 -0.491799E-03  0.105421E-02
  0.550187E+00 -0.106396E-03  0.106854E-02
  0.550912E+00  0.678563E-03  0.111079E-02
  0.551637E+00 -0.104280E-05  0.106853E-02
  0.552361E+00 -0.910953E-03  0.109140E-02
  0.553086E+00 -0.147203E-03  0.107633E-02
  0.553811E+00 -0.841619E-04  0.110341E-02
  0.554535E+00 -0.506522E-03  0.109122E-02
  0.555260E+00 -0.121313E-03  0.111258E-02
  0.555985E+00  0.165549E-03  0.110869E-02
  0.556709E+00 -0.118115E-02  0.110679E-02
  0.557434E+00 -0.775858E-03  0.112362E-02
  0.558158E+00 -0.219958E-03  0.109468E-02
  0.558883E+00 -0.580666E-03  0.112651E-02
  0.559607E+00 -0.114913E-02  0.113960E-02
  0.560332E+00 -0.717174E-03  0.115294E-02
  0.561056E+00  0.458082E-03  0.118634E-02
  0.561781E+00  0.613875E-03  0.112328E-02
  0.562505E+00 -0.537300E-03  0.113770E-02
  0.563230E+00 -0.766546E-03  0.121854E-02
  0.563954E+00  0.434343E-03  0.118106E-02
  0.564678E+00 -0.257662E-03  0.117862E-02
  0.565403E+00 -0.484617E-03  0.118168E-02
  0.566127E+00  0.387304E-03  0.121538E-02
  0.566852E+00  0.307340E-03  0.121402E-02
  0.567576E+00  0.113408E-02  0.124011E-02
  0.568300E+00 -0.111790E-04  0.122954E-02
  0.569024E+00  0.150964E-03  0.124524E-02
  0.569749E+00 -0.108137E-02  0.127030E-02
  0.570473E+00 -0.347275E-03  0.127699E-02
  0.571197E+00  0.162563E-03  0.128184E-02
  0.571921E+00 -0.110116E-02  0.129384E-02
  0.572646E+00 -0.706951E-03  0.128296E-02
  0.573370E+00  0.596322E-03  0.128909E-02
  0.574094E+00 -0.157651E-02  0.128819E-02
  0.574818E+00  0.152917E-02  0.133242E-02
  0.575542E+00 -0.807135E-04  0.131129E-02
  0.576266E+00 -0.835970E-03  0.133393E-02
  0.576990E+00  0.545589E-03  0.135340E-02
  0.577714E+00  0.254071E-03  0.134443E-02
  0.578438E+00 -0.918648E-03  0.139039E-02
  0.579162E+00  0.166885E-02  0.140564E-02
  0.579886E+00  0.554089E-03  0.141526E-02
  0.580610E+00 -0.404156E-04  0.143860E-02
  0.581334E+00  0.798112E-03  0.136357E-02
  0.582058E+00 -0.100030E-02  0.147570E-02
  0.582782E+00  0.607635E-03  0.144556E-02
  0.583506E+00 -0.143526E-03  0.149417E-02
  0.584230E+00 -0.104455E-02  0.145869E-02
  0.584954E+00 -0.178826E-02  0.147113E-02
  0.585678E+00 -0.632125E-03  0.156002E-02
  0.586402E+00  0.349859E-03  0.149663E-02
  0.587125E+00  0.832127E-03  0.152703E-02
  0.587849E+00 -0.592941E-03  0.155105E-02
  0.588573E+00 -0.257102E-02  0.154099E-02
  0.589297E+00  0.453599E-03  0.164092E-02
  0.590021E+00 -0.166657E-02  0.158480E-02
  0.590744E+00  0.216672E-02  0.164578E-02
  0.591468E+00  0.308131E-03  0.165487E-02
  0.592192E+00  0.104702E-02  0.163330E-02
  0.592915E+00  0.110373E-02  0.164129E-02
  0.593639E+00 -0.154386E-02  0.160256E-02
  0.594363E+00 -0.255148E-03  0.176057E-02
  0.595086E+00  0.154160E-02  0.170566E-02
  0.595810E+00  0.669963E-03  0.169589E-02
  0.596533E+00  0.523836E-03  0.175931E-02
  0.597257E+00 -0.125566E-03  0.176977E-02
  0.597980E+00 -0.209926E-03  0.170419E-02
  0.598704E+00 -0.108221E-02  0.185227E-02
  0.599427E+00  0.503097E-03  0.176971E-02
  0.600151E+00  0.652442E-03  0.181097E-02
  0.600874E+00  0.114673E-03  0.174619E-02
  0.601598E+00 -0.524987E-03  0.178715E-02
  0.602321E+00 -0.211975E-03  0.186967E-02
  0.603045E+00  0.325122E-03  0.180075E-02
  0.603768E+00 -0.172948E-02  0.194026E-02
  0.604491E+00  0.149775E-02  0.183688E-02
  0.605215E+00 -0.433904E-03  0.188716E-02
  0.605938E+00  0.646279E-03  0.192646E-02
  0.606661E+00  0.821326E-03  0.190038E-02
  0.607385E+00  0.118599E-02  0.197568E-02
  0.608108E+00 -0.397067E-03  0.191995E-02
  0.608831E+00  0.691599E-04  0.194471E-02
  0.609554E+00  0.282200E-02  0.200855E-02
  0.610278E+00 -0.438327E-03  0.201093E-02
  0.611001E+00 -0.106370E-02  0.203159E-02
  0.611724E+00 -0.259934E-02  0.207192E-02
  0.612447E+00 -0.173619E-02  0.199290E-02
  0.613170E+00 -0.257733E-02  0.218936E-02
  0.613893E+00 -0.264766E-02  0.225157E-02
  0.614616E+00 -0.164115E-02  0.214446E-02
  0.615339E+00 -0.295403E-03  0.215682E-02
  0.616062E+00  0.263131E-02  0.226187E-02
  0.616786E+00  0.267402E-02  0.245773E-02
  0.617509E+00  0.161334E-02  0.263409E-02
  0.618231E+00 -0.254987E-02  0.283668E-02
  0.618954E+00  0.111643E-03  0.287112E-02
  0.619677E+00  0.229775E-02  0.313528E-02
  0.620400E+00 -0.488290E-02  0.355374E-02
  0.621123E+00 -0.351269E-02  0.414388E-02
  0.621846E+00  0.219600E-02  0.450886E-02
  0.622569E+00 -0.509153E-02  0.496948E-02
  0.623292E+00 -0.350108E-02  0.635162E-02
  0.624015E+00 -0.895932E-02  0.801404E-02
  0.624738E+00  0.337088E-02  0.155627E-01
----------C:\Emma\Synchrotron_2016July\bam1o20_TRY1_raw_data_files_averaged_and_buffer_subtracted\raw_data\bam1o20_0p25mg_avg.dat-----------------------------
                                                                                
Parent(s): /tmp/qt_temp.MT2619 /tmp/qt_temp.hX2619 /tmp/qt_temp.SL2619 /tmp/qt_t
----------C:\Emma\Synchrotron_2016July\bam1o20_TRY1_raw_data_files_averaged_and_buffer_subtracted\raw_data\bam1o20_buffer_avg.dat-----------------------------
                                                                                
Parent(s): /tmp/qt_temp.MT2571 /tmp/qt_temp.hX2571 /tmp/qt_temp.SL2571 /tmp/qt_t
