 18-Sep-2016       (1.000 *bam1o20_2mg_avg - 1.012 *bam1o20_buffer_) /  1.0000
bam1o20_2mg_  Conc = .10E+01  Mult = .10E+01  N1 =    1  N2 =  843  SCALE =  1
 fer_avg.dat  Conc = .10E+01  Mult = .10E+01  N1 =    1  N2 =  843  SCALE =  1
  0.113375E-01  0.209267E+00  0.100374E-01
  0.120690E-01  0.205983E+00  0.609318E-02
  0.128004E-01  0.205590E+00  0.510290E-02
  0.135319E-01  0.202040E+00  0.430863E-02
  0.142633E-01  0.201025E+00  0.395823E-02
  0.149948E-01  0.198970E+00  0.370362E-02
  0.157262E-01  0.197707E+00  0.336921E-02
  0.164577E-01  0.199116E+00  0.332767E-02
  0.171891E-01  0.197121E+00  0.323663E-02
  0.179206E-01  0.196408E+00  0.306949E-02
  0.186520E-01  0.196385E+00  0.296397E-02
  0.193835E-01  0.192455E+00  0.283605E-02
  0.201149E-01  0.192590E+00  0.271635E-02
  0.208464E-01  0.190518E+00  0.278883E-02
  0.215778E-01  0.192437E+00  0.268638E-02
  0.223093E-01  0.188161E+00  0.260124E-02
  0.230407E-01  0.187125E+00  0.252110E-02
  0.237721E-01  0.183949E+00  0.252114E-02
  0.245036E-01  0.186723E+00  0.246942E-02
  0.252350E-01  0.183646E+00  0.240419E-02
  0.259665E-01  0.183050E+00  0.240640E-02
  0.266979E-01  0.180956E+00  0.231229E-02
  0.274293E-01  0.178928E+00  0.237137E-02
  0.281608E-01  0.179239E+00  0.225087E-02
  0.288922E-01  0.173956E+00  0.220351E-02
  0.296237E-01  0.174041E+00  0.220793E-02
  0.303551E-01  0.171031E+00  0.219122E-02
  0.310865E-01  0.170426E+00  0.212304E-02
  0.318180E-01  0.168755E+00  0.211548E-02
  0.325494E-01  0.164694E+00  0.231446E-02
  0.332808E-01  0.166837E+00  0.204459E-02
  0.340123E-01  0.163719E+00  0.192401E-02
  0.347437E-01  0.164480E+00  0.199951E-02
  0.354751E-01  0.160548E+00  0.193476E-02
  0.362065E-01  0.159242E+00  0.192046E-02
  0.369380E-01  0.156834E+00  0.192718E-02
  0.376694E-01  0.153822E+00  0.182463E-02
  0.384008E-01  0.150906E+00  0.187105E-02
  0.391322E-01  0.151475E+00  0.183279E-02
  0.398636E-01  0.147001E+00  0.177950E-02
  0.405951E-01  0.143361E+00  0.180776E-02
  0.413265E-01  0.143833E+00  0.172321E-02
  0.420579E-01  0.142565E+00  0.174889E-02
  0.427893E-01  0.139212E+00  0.171090E-02
  0.435207E-01  0.136015E+00  0.168764E-02
  0.442521E-01  0.134442E+00  0.173638E-02
  0.449836E-01  0.131043E+00  0.166720E-02
  0.457150E-01  0.129818E+00  0.165371E-02
  0.464464E-01  0.129215E+00  0.158417E-02
  0.471778E-01  0.125905E+00  0.160671E-02
  0.479092E-01  0.123518E+00  0.157167E-02
  0.486406E-01  0.120890E+00  0.156631E-02
  0.493720E-01  0.118317E+00  0.154204E-02
  0.501034E-01  0.116811E+00  0.151690E-02
  0.508348E-01  0.113806E+00  0.155910E-02
  0.515662E-01  0.112174E+00  0.155132E-02
  0.522976E-01  0.110137E+00  0.152406E-02
  0.530290E-01  0.107209E+00  0.150508E-02
  0.537604E-01  0.105818E+00  0.152869E-02
  0.544917E-01  0.103467E+00  0.153651E-02
  0.552231E-01  0.100331E+00  0.155809E-02
  0.559545E-01  0.979721E-01  0.156221E-02
  0.566859E-01  0.953839E-01  0.156811E-02
  0.574173E-01  0.924402E-01  0.164968E-02
  0.581487E-01  0.933250E-01  0.159872E-02
  0.588800E-01  0.896569E-01  0.163933E-02
  0.596114E-01  0.878491E-01  0.158550E-02
  0.603428E-01  0.859207E-01  0.157903E-02
  0.610742E-01  0.831029E-01  0.163219E-02
  0.618055E-01  0.792792E-01  0.153398E-02
  0.625369E-01  0.793125E-01  0.152188E-02
  0.632683E-01  0.772132E-01  0.151701E-02
  0.639996E-01  0.745102E-01  0.149639E-02
  0.647310E-01  0.738833E-01  0.148020E-02
  0.654624E-01  0.714715E-01  0.143139E-02
  0.661937E-01  0.671446E-01  0.142677E-02
  0.669251E-01  0.657500E-01  0.134946E-02
  0.676564E-01  0.641059E-01  0.135928E-02
  0.683878E-01  0.631475E-01  0.131810E-02
  0.691191E-01  0.609895E-01  0.130944E-02
  0.698505E-01  0.584516E-01  0.131372E-02
  0.705818E-01  0.569887E-01  0.129302E-02
  0.713132E-01  0.547867E-01  0.126080E-02
  0.720445E-01  0.534728E-01  0.127420E-02
  0.727759E-01  0.527993E-01  0.125535E-02
  0.735072E-01  0.490680E-01  0.122041E-02
  0.742385E-01  0.485674E-01  0.120108E-02
  0.749699E-01  0.456416E-01  0.120552E-02
  0.757012E-01  0.449604E-01  0.118160E-02
  0.764325E-01  0.436602E-01  0.118377E-02
  0.771638E-01  0.423272E-01  0.115657E-02
  0.778952E-01  0.397218E-01  0.112908E-02
  0.786265E-01  0.391479E-01  0.111639E-02
  0.793578E-01  0.374480E-01  0.110182E-02
  0.800891E-01  0.354731E-01  0.111539E-02
  0.808204E-01  0.337288E-01  0.108589E-02
  0.815517E-01  0.330897E-01  0.109334E-02
  0.822830E-01  0.328808E-01  0.109171E-02
  0.830143E-01  0.301573E-01  0.107073E-02
  0.837456E-01  0.297482E-01  0.105613E-02
  0.844769E-01  0.291186E-01  0.105288E-02
  0.852082E-01  0.278345E-01  0.106962E-02
  0.859395E-01  0.262623E-01  0.105201E-02
  0.866708E-01  0.248254E-01  0.104874E-02
  0.874021E-01  0.236140E-01  0.104200E-02
  0.881334E-01  0.231872E-01  0.102020E-02
  0.888647E-01  0.232673E-01  0.104952E-02
  0.895959E-01  0.200367E-01  0.103236E-02
  0.903272E-01  0.205991E-01  0.101983E-02
  0.910585E-01  0.194749E-01  0.103707E-02
  0.917897E-01  0.177956E-01  0.102774E-02
  0.925210E-01  0.171711E-01  0.105295E-02
  0.932523E-01  0.164851E-01  0.103240E-02
  0.939835E-01  0.145463E-01  0.103489E-02
  0.947148E-01  0.153324E-01  0.105876E-02
  0.954460E-01  0.144966E-01  0.104055E-02
  0.961773E-01  0.130661E-01  0.104910E-02
  0.969085E-01  0.135557E-01  0.101949E-02
  0.976398E-01  0.117149E-01  0.106668E-02
  0.983710E-01  0.121275E-01  0.103894E-02
  0.991023E-01  0.112549E-01  0.101741E-02
  0.998335E-01  0.101758E-01  0.102924E-02
  0.100565E+00  0.109395E-01  0.103427E-02
  0.101296E+00  0.944237E-02  0.103146E-02
  0.102027E+00  0.870673E-02  0.102002E-02
  0.102758E+00  0.977221E-02  0.102971E-02
  0.103490E+00  0.851465E-02  0.101054E-02
  0.104221E+00  0.820287E-02  0.961655E-03
  0.104952E+00  0.726867E-02  0.964208E-03
  0.105683E+00  0.799748E-02  0.939684E-03
  0.106414E+00  0.740503E-02  0.931568E-03
  0.107146E+00  0.710985E-02  0.947257E-03
  0.107877E+00  0.701611E-02  0.927554E-03
  0.108608E+00  0.694624E-02  0.919609E-03
  0.109339E+00  0.547736E-02  0.925623E-03
  0.110070E+00  0.530360E-02  0.899254E-03
  0.110802E+00  0.647493E-02  0.912267E-03
  0.111533E+00  0.457579E-02  0.908905E-03
  0.112264E+00  0.600729E-02  0.913185E-03
  0.112995E+00  0.516786E-02  0.899212E-03
  0.113726E+00  0.275983E-02  0.890718E-03
  0.114457E+00  0.440225E-02  0.898391E-03
  0.115189E+00  0.477099E-02  0.879691E-03
  0.115920E+00  0.469107E-02  0.888910E-03
  0.116651E+00  0.379602E-02  0.891642E-03
  0.117382E+00  0.434487E-02  0.887718E-03
  0.118113E+00  0.406889E-02  0.884103E-03
  0.118844E+00  0.523703E-02  0.879855E-03
  0.119576E+00  0.427941E-02  0.868881E-03
  0.120307E+00  0.424592E-02  0.866023E-03
  0.121038E+00  0.421167E-02  0.873752E-03
  0.121769E+00  0.392151E-02  0.879328E-03
  0.122500E+00  0.434533E-02  0.854835E-03
  0.123231E+00  0.407443E-02  0.849251E-03
  0.123962E+00  0.419469E-02  0.837064E-03
  0.124693E+00  0.450134E-02  0.833514E-03
  0.125425E+00  0.435551E-02  0.827721E-03
  0.126156E+00  0.497025E-02  0.835324E-03
  0.126887E+00  0.503193E-02  0.839373E-03
  0.127618E+00  0.499415E-02  0.842500E-03
  0.128349E+00  0.515443E-02  0.837170E-03
  0.129080E+00  0.417653E-02  0.825157E-03
  0.129811E+00  0.484109E-02  0.830928E-03
  0.130542E+00  0.546282E-02  0.806318E-03
  0.131273E+00  0.592755E-02  0.808833E-03
  0.132004E+00  0.624932E-02  0.835216E-03
  0.132735E+00  0.479714E-02  0.805660E-03
  0.133466E+00  0.572387E-02  0.809602E-03
  0.134197E+00  0.640111E-02  0.805645E-03
  0.134929E+00  0.560630E-02  0.797739E-03
  0.135660E+00  0.631582E-02  0.796497E-03
  0.136391E+00  0.625609E-02  0.788006E-03
  0.137122E+00  0.625383E-02  0.770271E-03
  0.137853E+00  0.726635E-02  0.797158E-03
  0.138584E+00  0.693550E-02  0.798118E-03
  0.139315E+00  0.670187E-02  0.775670E-03
  0.140046E+00  0.726949E-02  0.766587E-03
  0.140777E+00  0.657833E-02  0.795348E-03
  0.141508E+00  0.733718E-02  0.780021E-03
  0.142239E+00  0.726966E-02  0.783788E-03
  0.142970E+00  0.815655E-02  0.785922E-03
  0.143701E+00  0.717202E-02  0.753940E-03
  0.144432E+00  0.855856E-02  0.779064E-03
  0.145163E+00  0.784848E-02  0.770670E-03
  0.145894E+00  0.763221E-02  0.774161E-03
  0.146625E+00  0.913190E-02  0.772966E-03
  0.147356E+00  0.859673E-02  0.766501E-03
  0.148087E+00  0.859734E-02  0.766274E-03
  0.148818E+00  0.983573E-02  0.749176E-03
  0.149549E+00  0.827732E-02  0.751917E-03
  0.150280E+00  0.903137E-02  0.759884E-03
  0.151011E+00  0.947215E-02  0.754405E-03
  0.151741E+00  0.932153E-02  0.749786E-03
  0.152472E+00  0.925290E-02  0.742633E-03
  0.153203E+00  0.102803E-01  0.738970E-03
  0.153934E+00  0.105190E-01  0.753840E-03
  0.154665E+00  0.988371E-02  0.755268E-03
  0.155396E+00  0.104081E-01  0.744187E-03
  0.156127E+00  0.989212E-02  0.753211E-03
  0.156858E+00  0.106602E-01  0.741870E-03
  0.157589E+00  0.107942E-01  0.738136E-03
  0.158320E+00  0.110220E-01  0.735592E-03
  0.159051E+00  0.114522E-01  0.733657E-03
  0.159782E+00  0.105396E-01  0.747407E-03
  0.160512E+00  0.105474E-01  0.727313E-03
  0.161243E+00  0.106704E-01  0.726867E-03
  0.161974E+00  0.112875E-01  0.728372E-03
  0.162705E+00  0.113794E-01  0.731964E-03
  0.163436E+00  0.118639E-01  0.729240E-03
  0.164167E+00  0.127959E-01  0.730774E-03
  0.164898E+00  0.117000E-01  0.718302E-03
  0.165628E+00  0.111698E-01  0.713958E-03
  0.166359E+00  0.117805E-01  0.725383E-03
  0.167090E+00  0.111987E-01  0.720105E-03
  0.167821E+00  0.116876E-01  0.716492E-03
  0.168552E+00  0.123297E-01  0.700594E-03
  0.169283E+00  0.121605E-01  0.699562E-03
  0.170013E+00  0.115567E-01  0.707157E-03
  0.170744E+00  0.125524E-01  0.706771E-03
  0.171475E+00  0.117278E-01  0.700872E-03
  0.172206E+00  0.124422E-01  0.708555E-03
  0.172937E+00  0.126434E-01  0.703977E-03
  0.173667E+00  0.127050E-01  0.693307E-03
  0.174398E+00  0.119442E-01  0.694064E-03
  0.175129E+00  0.122924E-01  0.690305E-03
  0.175860E+00  0.120442E-01  0.689883E-03
  0.176590E+00  0.123529E-01  0.684754E-03
  0.177321E+00  0.122750E-01  0.689477E-03
  0.178052E+00  0.125705E-01  0.686398E-03
  0.178783E+00  0.117978E-01  0.682536E-03
  0.179513E+00  0.121389E-01  0.675802E-03
  0.180244E+00  0.120720E-01  0.677922E-03
  0.180975E+00  0.127368E-01  0.682371E-03
  0.181706E+00  0.115492E-01  0.680823E-03
  0.182436E+00  0.123360E-01  0.665124E-03
  0.183167E+00  0.117703E-01  0.675576E-03
  0.183898E+00  0.127944E-01  0.673604E-03
  0.184629E+00  0.121756E-01  0.661791E-03
  0.185359E+00  0.125918E-01  0.676730E-03
  0.186090E+00  0.122947E-01  0.661632E-03
  0.186821E+00  0.122469E-01  0.672521E-03
  0.187551E+00  0.125522E-01  0.669608E-03
  0.188282E+00  0.121592E-01  0.656100E-03
  0.189013E+00  0.125292E-01  0.653622E-03
  0.189743E+00  0.122125E-01  0.664137E-03
  0.190474E+00  0.116736E-01  0.664987E-03
  0.191205E+00  0.117510E-01  0.659533E-03
  0.191935E+00  0.117439E-01  0.651062E-03
  0.192666E+00  0.120605E-01  0.647124E-03
  0.193396E+00  0.116685E-01  0.641682E-03
  0.194127E+00  0.117539E-01  0.645663E-03
  0.194858E+00  0.111055E-01  0.646476E-03
  0.195588E+00  0.116989E-01  0.643904E-03
  0.196319E+00  0.116625E-01  0.645153E-03
  0.197049E+00  0.117817E-01  0.642391E-03
  0.197780E+00  0.109475E-01  0.639528E-03
  0.198511E+00  0.111801E-01  0.642718E-03
  0.199241E+00  0.111483E-01  0.632816E-03
  0.199972E+00  0.113227E-01  0.641249E-03
  0.200702E+00  0.110044E-01  0.637993E-03
  0.201433E+00  0.110839E-01  0.634301E-03
  0.202163E+00  0.104798E-01  0.641578E-03
  0.202894E+00  0.101760E-01  0.630699E-03
  0.203625E+00  0.105610E-01  0.629150E-03
  0.204355E+00  0.104733E-01  0.634998E-03
  0.205086E+00  0.100986E-01  0.639096E-03
  0.205816E+00  0.102088E-01  0.628301E-03
  0.206547E+00  0.101790E-01  0.630099E-03
  0.207277E+00  0.105956E-01  0.627988E-03
  0.208008E+00  0.106305E-01  0.628401E-03
  0.208738E+00  0.971189E-02  0.640237E-03
  0.209469E+00  0.932216E-02  0.655860E-03
  0.210199E+00  0.928170E-02  0.637415E-03
  0.210930E+00  0.957858E-02  0.643467E-03
  0.211660E+00  0.948648E-02  0.630024E-03
  0.212390E+00  0.927423E-02  0.629620E-03
  0.213121E+00  0.912948E-02  0.627868E-03
  0.213851E+00  0.926743E-02  0.636712E-03
  0.214582E+00  0.866188E-02  0.640065E-03
  0.215312E+00  0.939697E-02  0.637048E-03
  0.216043E+00  0.876499E-02  0.629462E-03
  0.216773E+00  0.861898E-02  0.648998E-03
  0.217503E+00  0.843299E-02  0.637272E-03
  0.218234E+00  0.760349E-02  0.650297E-03
  0.218964E+00  0.790052E-02  0.648814E-03
  0.219695E+00  0.829114E-02  0.645065E-03
  0.220425E+00  0.809936E-02  0.639323E-03
  0.221155E+00  0.762983E-02  0.626192E-03
  0.221886E+00  0.820472E-02  0.638962E-03
  0.222616E+00  0.724747E-02  0.618296E-03
  0.223346E+00  0.695452E-02  0.624908E-03
  0.224077E+00  0.810133E-02  0.620849E-03
  0.224807E+00  0.724426E-02  0.607066E-03
  0.225537E+00  0.759042E-02  0.617613E-03
  0.226268E+00  0.726218E-02  0.606534E-03
  0.226998E+00  0.679358E-02  0.609619E-03
  0.227728E+00  0.674857E-02  0.609745E-03
  0.228459E+00  0.686419E-02  0.608184E-03
  0.229189E+00  0.708639E-02  0.599712E-03
  0.229919E+00  0.668839E-02  0.601004E-03
  0.230650E+00  0.614468E-02  0.597469E-03
  0.231380E+00  0.627117E-02  0.599960E-03
  0.232110E+00  0.616634E-02  0.616338E-03
  0.232840E+00  0.616882E-02  0.605467E-03
  0.233571E+00  0.592694E-02  0.591133E-03
  0.234301E+00  0.621914E-02  0.601063E-03
  0.235031E+00  0.557343E-02  0.598633E-03
  0.235761E+00  0.543543E-02  0.581861E-03
  0.236491E+00  0.552847E-02  0.577809E-03
  0.237222E+00  0.523907E-02  0.592708E-03
  0.237952E+00  0.534157E-02  0.586994E-03
  0.238682E+00  0.534960E-02  0.585801E-03
  0.239412E+00  0.508754E-02  0.587408E-03
  0.240142E+00  0.527892E-02  0.580797E-03
  0.240873E+00  0.572256E-02  0.576525E-03
  0.241603E+00  0.482309E-02  0.587271E-03
  0.242333E+00  0.494540E-02  0.566701E-03
  0.243063E+00  0.467441E-02  0.580631E-03
  0.243793E+00  0.483575E-02  0.572500E-03
  0.244523E+00  0.412703E-02  0.581998E-03
  0.245253E+00  0.451356E-02  0.566464E-03
  0.245984E+00  0.439578E-02  0.582540E-03
  0.246714E+00  0.451625E-02  0.586058E-03
  0.247444E+00  0.461615E-02  0.579135E-03
  0.248174E+00  0.401440E-02  0.598737E-03
  0.248904E+00  0.401346E-02  0.586415E-03
  0.249634E+00  0.397440E-02  0.598134E-03
  0.250364E+00  0.436270E-02  0.591683E-03
  0.251094E+00  0.413352E-02  0.596746E-03
  0.251824E+00  0.346348E-02  0.594017E-03
  0.252554E+00  0.323281E-02  0.588086E-03
  0.253284E+00  0.361618E-02  0.590255E-03
  0.254014E+00  0.394620E-02  0.587688E-03
  0.254744E+00  0.370151E-02  0.591773E-03
  0.255474E+00  0.341328E-02  0.598804E-03
  0.256204E+00  0.383295E-02  0.592870E-03
  0.256934E+00  0.300516E-02  0.574011E-03
  0.257664E+00  0.325422E-02  0.588018E-03
  0.258394E+00  0.331333E-02  0.587446E-03
  0.259124E+00  0.348861E-02  0.587767E-03
  0.259854E+00  0.340156E-02  0.587441E-03
  0.260584E+00  0.386312E-02  0.583016E-03
  0.261314E+00  0.351692E-02  0.593862E-03
  0.262044E+00  0.302254E-02  0.597480E-03
  0.262774E+00  0.261661E-02  0.595066E-03
  0.263504E+00  0.279005E-02  0.582485E-03
  0.264234E+00  0.281673E-02  0.586165E-03
  0.264964E+00  0.351288E-02  0.582421E-03
  0.265693E+00  0.297025E-02  0.589163E-03
  0.266423E+00  0.319774E-02  0.584772E-03
  0.267153E+00  0.252882E-02  0.578959E-03
  0.267883E+00  0.217645E-02  0.587655E-03
  0.268613E+00  0.270657E-02  0.590247E-03
  0.269343E+00  0.265446E-02  0.582967E-03
  0.270073E+00  0.179385E-02  0.593133E-03
  0.270802E+00  0.236500E-02  0.593453E-03
  0.271532E+00  0.227875E-02  0.586483E-03
  0.272262E+00  0.243703E-02  0.581745E-03
  0.272992E+00  0.216461E-02  0.593447E-03
  0.273722E+00  0.174887E-02  0.580983E-03
  0.274451E+00  0.173382E-02  0.578838E-03
  0.275181E+00  0.195348E-02  0.584629E-03
  0.275911E+00  0.202213E-02  0.579540E-03
  0.276641E+00  0.191965E-02  0.588837E-03
  0.277371E+00  0.151111E-02  0.575083E-03
  0.278100E+00  0.217425E-02  0.581614E-03
  0.278830E+00  0.159609E-02  0.590838E-03
  0.279560E+00  0.176490E-02  0.576470E-03
  0.280289E+00  0.165442E-02  0.577505E-03
  0.281019E+00  0.162083E-02  0.584916E-03
  0.281749E+00  0.226502E-02  0.576370E-03
  0.282479E+00  0.219798E-02  0.570949E-03
  0.283208E+00  0.195853E-02  0.584234E-03
  0.283938E+00  0.128869E-02  0.571966E-03
  0.284668E+00  0.151584E-02  0.561929E-03
  0.285397E+00  0.163953E-02  0.572414E-03
  0.286127E+00  0.152107E-02  0.576863E-03
  0.286856E+00  0.144204E-02  0.573881E-03
  0.287586E+00  0.116127E-02  0.580228E-03
  0.288316E+00  0.260612E-02  0.577854E-03
  0.289045E+00  0.125408E-02  0.576756E-03
  0.289775E+00  0.176813E-02  0.573581E-03
  0.290504E+00  0.176588E-02  0.562162E-03
  0.291234E+00  0.172724E-02  0.561312E-03
  0.291964E+00  0.140691E-02  0.563982E-03
  0.292693E+00  0.218166E-02  0.558829E-03
  0.293423E+00  0.133737E-02  0.570922E-03
  0.294152E+00  0.144960E-02  0.583277E-03
  0.294882E+00  0.128479E-02  0.567087E-03
  0.295611E+00  0.220248E-02  0.571744E-03
  0.296341E+00  0.149759E-02  0.569569E-03
  0.297070E+00  0.106116E-02  0.571523E-03
  0.297800E+00  0.154886E-02  0.576459E-03
  0.298529E+00  0.159173E-02  0.564726E-03
  0.299259E+00  0.135468E-02  0.572009E-03
  0.299988E+00  0.190714E-02  0.564283E-03
  0.300718E+00  0.109448E-02  0.578121E-03
  0.301447E+00  0.177545E-02  0.579521E-03
  0.302176E+00  0.178478E-02  0.570188E-03
  0.302906E+00  0.154098E-02  0.568890E-03
  0.303635E+00  0.144993E-02  0.590988E-03
  0.304365E+00  0.107516E-02  0.590628E-03
  0.305094E+00  0.201653E-02  0.595670E-03
  0.305823E+00  0.141306E-02  0.574926E-03
  0.306553E+00  0.121305E-02  0.586865E-03
  0.307282E+00  0.824160E-03  0.582050E-03
  0.308012E+00  0.754867E-03  0.600236E-03
  0.308741E+00  0.193392E-02  0.587897E-03
  0.309470E+00  0.145411E-02  0.590492E-03
  0.310200E+00  0.156625E-02  0.578627E-03
  0.310929E+00  0.139519E-02  0.593608E-03
  0.311658E+00  0.120859E-02  0.587354E-03
  0.312387E+00  0.124193E-02  0.602718E-03
  0.313117E+00  0.119436E-02  0.591247E-03
  0.313846E+00  0.113769E-02  0.606377E-03
  0.314575E+00  0.947191E-03  0.598024E-03
  0.315305E+00  0.143965E-02  0.601175E-03
  0.316034E+00  0.143474E-02  0.584183E-03
  0.316763E+00  0.124639E-02  0.598627E-03
  0.317492E+00  0.101725E-02  0.592332E-03
  0.318221E+00  0.667541E-03  0.603601E-03
  0.318951E+00  0.112552E-02  0.598417E-03
  0.319680E+00  0.101277E-02  0.600676E-03
  0.320409E+00  0.779955E-03  0.602849E-03
  0.321138E+00  0.114824E-02  0.587358E-03
  0.321867E+00  0.978501E-03  0.608021E-03
  0.322596E+00  0.120549E-02  0.607443E-03
  0.323326E+00  0.105640E-02  0.612789E-03
  0.324055E+00  0.115031E-02  0.613920E-03
  0.324784E+00  0.996122E-03  0.597525E-03
  0.325513E+00  0.139732E-02  0.607345E-03
  0.326242E+00  0.119852E-02  0.592294E-03
  0.326971E+00  0.105610E-02  0.603038E-03
  0.327700E+00  0.129622E-02  0.597314E-03
  0.328429E+00  0.117284E-02  0.607104E-03
  0.329158E+00  0.793805E-03  0.621719E-03
  0.329887E+00  0.110748E-02  0.607024E-03
  0.330616E+00  0.679117E-03  0.607240E-03
  0.331345E+00  0.164970E-02  0.615352E-03
  0.332074E+00  0.886214E-03  0.608717E-03
  0.332803E+00  0.113287E-02  0.621803E-03
  0.333532E+00  0.171389E-02  0.611618E-03
  0.334261E+00  0.825115E-03  0.602748E-03
  0.334990E+00  0.174332E-02  0.613052E-03
  0.335719E+00  0.118835E-02  0.608426E-03
  0.336448E+00  0.124563E-02  0.605276E-03
  0.337177E+00  0.111989E-02  0.623766E-03
  0.337906E+00  0.876704E-03  0.614951E-03
  0.338635E+00  0.725008E-03  0.614322E-03
  0.339364E+00  0.136564E-02  0.606726E-03
  0.340093E+00  0.136708E-02  0.594958E-03
  0.340822E+00  0.878274E-03  0.610015E-03
  0.341551E+00  0.127972E-02  0.608390E-03
  0.342279E+00  0.112320E-02  0.613851E-03
  0.343008E+00  0.175405E-02  0.608085E-03
  0.343737E+00  0.846999E-03  0.614106E-03
  0.344466E+00  0.108473E-02  0.616070E-03
  0.345195E+00  0.120114E-02  0.622831E-03
  0.345923E+00  0.127229E-02  0.615336E-03
  0.346652E+00  0.141615E-02  0.616786E-03
  0.347381E+00  0.670404E-03  0.611551E-03
  0.348110E+00  0.150718E-02  0.603280E-03
  0.348839E+00 -0.117725E-03  0.617045E-03
  0.349567E+00  0.122400E-02  0.599579E-03
  0.350296E+00  0.945225E-03  0.624932E-03
  0.351025E+00  0.101016E-02  0.611356E-03
  0.351753E+00  0.924853E-03  0.622664E-03
  0.352482E+00  0.104837E-02  0.620862E-03
  0.353211E+00  0.776467E-03  0.605126E-03
  0.353940E+00  0.720972E-03  0.614215E-03
  0.354668E+00  0.126805E-02  0.614262E-03
  0.355397E+00  0.110226E-02  0.619214E-03
  0.356126E+00  0.123499E-02  0.616638E-03
  0.356854E+00  0.646951E-03  0.619707E-03
  0.357583E+00  0.200926E-02  0.624762E-03
  0.358311E+00  0.963797E-03  0.614219E-03
  0.359040E+00  0.931869E-03  0.616983E-03
  0.359769E+00  0.138972E-02  0.617395E-03
  0.360497E+00  0.105692E-02  0.611562E-03
  0.361226E+00  0.456608E-03  0.623737E-03
  0.361954E+00  0.149426E-02  0.618322E-03
  0.362683E+00  0.144211E-02  0.640408E-03
  0.363411E+00  0.887225E-03  0.628201E-03
  0.364140E+00  0.155841E-02  0.637508E-03
  0.364868E+00  0.986323E-03  0.654072E-03
  0.365597E+00  0.105128E-02  0.641105E-03
  0.366325E+00  0.533360E-05  0.664073E-03
  0.367054E+00  0.536083E-03  0.637989E-03
  0.367782E+00  0.139164E-02  0.657226E-03
  0.368511E+00  0.184490E-02  0.651831E-03
  0.369239E+00  0.131361E-02  0.654729E-03
  0.369967E+00  0.155619E-02  0.672903E-03
  0.370696E+00  0.756442E-03  0.654940E-03
  0.371424E+00  0.741103E-03  0.657565E-03
  0.372153E+00  0.381819E-03  0.665558E-03
  0.372881E+00  0.140089E-02  0.657185E-03
  0.373609E+00  0.463821E-03  0.672960E-03
  0.374338E+00  0.413841E-03  0.664838E-03
  0.375066E+00  0.859648E-03  0.664715E-03
  0.375794E+00  0.116214E-02  0.650771E-03
  0.376523E+00  0.141946E-02  0.646618E-03
  0.377251E+00  0.101432E-02  0.657103E-03
  0.377979E+00  0.720612E-03  0.654314E-03
  0.378708E+00  0.431181E-03  0.644675E-03
  0.379436E+00  0.982912E-03  0.653530E-03
  0.380164E+00  0.165615E-02  0.637248E-03
  0.380892E+00  0.179508E-03  0.649328E-03
  0.381621E+00  0.311116E-03  0.640950E-03
  0.382349E+00  0.123873E-02  0.641776E-03
  0.383077E+00  0.118004E-02  0.626930E-03
  0.383805E+00  0.100451E-02  0.637981E-03
  0.384533E+00  0.560728E-03  0.636927E-03
  0.385261E+00  0.106964E-02  0.632464E-03
  0.385990E+00  0.123802E-02  0.639457E-03
  0.386718E+00  0.130228E-02  0.643683E-03
  0.387446E+00  0.563479E-03  0.644825E-03
  0.388174E+00  0.125174E-02  0.631401E-03
  0.388902E+00  0.520245E-03  0.655077E-03
  0.389630E+00  0.322802E-03  0.651745E-03
  0.390358E+00  0.101192E-02  0.642080E-03
  0.391086E+00  0.105323E-02  0.639274E-03
  0.391814E+00  0.267377E-03  0.627902E-03
  0.392542E+00  0.441000E-04  0.635662E-03
  0.393270E+00  0.643500E-03  0.647167E-03
  0.393998E+00  0.306986E-03  0.641402E-03
  0.394726E+00  0.186736E-03  0.652445E-03
  0.395454E+00  0.316881E-03  0.645784E-03
  0.396182E+00  0.103635E-02  0.640707E-03
  0.396910E+00  0.552593E-03  0.632163E-03
  0.397638E+00  0.513815E-03  0.638200E-03
  0.398366E+00  0.105096E-02  0.639197E-03
  0.399094E+00  0.865620E-03  0.622283E-03
  0.399822E+00  0.626567E-03  0.638646E-03
  0.400550E+00  0.850129E-03  0.626874E-03
  0.401278E+00  0.438164E-03  0.624809E-03
  0.402006E+00  0.911732E-03  0.624792E-03
  0.402734E+00  0.117894E-02  0.636947E-03
  0.403461E+00  0.626386E-03  0.638534E-03
  0.404189E+00  0.709734E-03  0.630636E-03
  0.404917E+00  0.774912E-03  0.628808E-03
  0.405645E+00  0.585427E-03  0.630687E-03
  0.406373E+00  0.899638E-03  0.622862E-03
  0.407100E+00  0.818165E-03  0.628130E-03
  0.407828E+00  0.561979E-03  0.624048E-03
  0.408556E+00  0.407542E-03  0.633563E-03
  0.409284E+00  0.651354E-03  0.627585E-03
  0.410011E+00  0.953075E-03  0.617504E-03
  0.410739E+00  0.274195E-03  0.636204E-03
  0.411467E+00  0.268688E-03  0.616190E-03
  0.412195E+00  0.100624E-02  0.625462E-03
  0.412922E+00  0.986497E-03  0.618749E-03
  0.413650E+00  0.904166E-03  0.623457E-03
  0.414378E+00  0.324206E-03  0.623083E-03
  0.415105E+00  0.117768E-03  0.629647E-03
  0.415833E+00  0.100744E-02  0.642845E-03
  0.416560E+00  0.156666E-03  0.640186E-03
  0.417288E+00  0.523907E-03  0.648476E-03
  0.418016E+00  0.524447E-03  0.647514E-03
  0.418743E+00  0.237336E-03  0.658565E-03
  0.419471E+00  0.972833E-03  0.649397E-03
  0.420198E+00  0.216485E-03  0.651813E-03
  0.420926E+00  0.590535E-03  0.659254E-03
  0.421653E+00  0.934101E-03  0.654476E-03
  0.422381E+00  0.591396E-03  0.654008E-03
  0.423108E+00  0.268676E-03  0.666831E-03
  0.423836E+00  0.369583E-03  0.649640E-03
  0.424563E+00 -0.182370E-03  0.666804E-03
  0.425291E+00 -0.887752E-04  0.664074E-03
  0.426018E+00  0.680808E-03  0.673006E-03
  0.426745E+00 -0.257858E-03  0.671194E-03
  0.427473E+00  0.763223E-03  0.666095E-03
  0.428200E+00 -0.404948E-04  0.675176E-03
  0.428928E+00  0.797783E-03  0.670080E-03
  0.429655E+00  0.456367E-03  0.663745E-03
  0.430382E+00  0.547940E-03  0.675768E-03
  0.431110E+00  0.551716E-04  0.695349E-03
  0.431837E+00  0.738343E-03  0.672651E-03
  0.432564E+00  0.876189E-03  0.671166E-03
  0.433292E+00 -0.248167E-03  0.697229E-03
  0.434019E+00 -0.529144E-04  0.696293E-03
  0.434746E+00  0.674824E-03  0.693226E-03
  0.435473E+00  0.815672E-03  0.680861E-03
  0.436201E+00 -0.202392E-04  0.694180E-03
  0.436928E+00  0.462541E-03  0.687134E-03
  0.437655E+00  0.214080E-03  0.718346E-03
  0.438382E+00  0.428389E-03  0.717252E-03
  0.439109E+00  0.199020E-03  0.707124E-03
  0.439837E+00  0.295673E-03  0.705347E-03
  0.440564E+00  0.320310E-03  0.699005E-03
  0.441291E+00 -0.114923E-03  0.693356E-03
  0.442018E+00 -0.179393E-03  0.713352E-03
  0.442745E+00  0.416422E-03  0.691694E-03
  0.443472E+00  0.245167E-03  0.697139E-03
  0.444199E+00  0.255790E-03  0.698263E-03
  0.444926E+00 -0.271208E-03  0.681028E-03
  0.445653E+00  0.433554E-03  0.707008E-03
  0.446380E+00  0.913611E-03  0.692511E-03
  0.447107E+00  0.437593E-03  0.708487E-03
  0.447834E+00 -0.322380E-03  0.686641E-03
  0.448561E+00  0.411707E-03  0.698102E-03
  0.449288E+00  0.540908E-03  0.709984E-03
  0.450015E+00  0.492456E-03  0.693476E-03
  0.450742E+00  0.272030E-03  0.716254E-03
  0.451469E+00  0.130305E-03  0.692902E-03
  0.452196E+00  0.522975E-03  0.710240E-03
  0.452923E+00  0.166244E-03  0.710019E-03
  0.453650E+00  0.653160E-04  0.711452E-03
  0.454377E+00  0.381617E-03  0.706438E-03
  0.455104E+00  0.468569E-03  0.718601E-03
  0.455831E+00  0.385314E-03  0.702323E-03
  0.456557E+00  0.206498E-03  0.724367E-03
  0.457284E+00  0.615548E-03  0.711180E-03
  0.458011E+00  0.462142E-03  0.714225E-03
  0.458738E+00  0.163192E-03  0.716269E-03
  0.459465E+00 -0.204281E-03  0.719312E-03
  0.460191E+00 -0.151505E-03  0.719457E-03
  0.460918E+00  0.959464E-04  0.743494E-03
  0.461645E+00  0.595693E-03  0.731734E-03
  0.462372E+00  0.531366E-03  0.737200E-03
  0.463098E+00  0.109067E-03  0.728136E-03
  0.463825E+00  0.389801E-03  0.737866E-03
  0.464552E+00 -0.267619E-03  0.740254E-03
  0.465278E+00 -0.733436E-04  0.721929E-03
  0.466005E+00  0.763984E-03  0.733488E-03
  0.466732E+00 -0.393642E-03  0.729707E-03
  0.467458E+00 -0.891784E-04  0.730268E-03
  0.468185E+00  0.862926E-03  0.754761E-03
  0.468911E+00  0.475975E-03  0.732070E-03
  0.469638E+00 -0.304995E-03  0.722410E-03
  0.470364E+00  0.352614E-03  0.733265E-03
  0.471091E+00 -0.469972E-03  0.719171E-03
  0.471817E+00  0.511511E-03  0.737954E-03
  0.472544E+00  0.716518E-03  0.738953E-03
  0.473270E+00  0.994624E-04  0.740623E-03
  0.473997E+00  0.335275E-03  0.738590E-03
  0.474723E+00  0.641418E-03  0.720952E-03
  0.475450E+00 -0.854488E-04  0.740732E-03
  0.476176E+00 -0.107850E-03  0.744663E-03
  0.476903E+00 -0.539792E-04  0.739079E-03
  0.477629E+00  0.670905E-03  0.749599E-03
  0.478355E+00  0.919082E-03  0.746748E-03
  0.479082E+00  0.117353E-03  0.722910E-03
  0.479808E+00 -0.580288E-04  0.741760E-03
  0.480535E+00  0.628543E-03  0.766395E-03
  0.481261E+00 -0.457556E-03  0.766975E-03
  0.481987E+00  0.549452E-04  0.737259E-03
  0.482713E+00  0.156072E-04  0.747354E-03
  0.483440E+00 -0.196956E-03  0.754378E-03
  0.484166E+00 -0.189220E-04  0.739428E-03
  0.484892E+00  0.258272E-03  0.724658E-03
  0.485618E+00  0.130809E-03  0.747393E-03
  0.486345E+00  0.272675E-03  0.739422E-03
  0.487071E+00  0.450884E-03  0.744060E-03
  0.487797E+00  0.820368E-03  0.741111E-03
  0.488523E+00  0.617050E-03  0.728453E-03
  0.489249E+00  0.123658E-02  0.741160E-03
  0.489975E+00 -0.184354E-03  0.742315E-03
  0.490702E+00  0.122684E-03  0.771527E-03
  0.491428E+00  0.265844E-03  0.748717E-03
  0.492154E+00 -0.144720E-03  0.755486E-03
  0.492880E+00  0.573048E-04  0.757884E-03
  0.493606E+00  0.693788E-03  0.755360E-03
  0.494332E+00  0.208032E-04  0.744328E-03
  0.495058E+00  0.247115E-03  0.741312E-03
  0.495784E+00  0.903351E-03  0.753092E-03
  0.496510E+00  0.170039E-03  0.745611E-03
  0.497236E+00  0.792175E-03  0.731313E-03
  0.497962E+00 -0.670124E-04  0.761202E-03
  0.498688E+00 -0.239465E-03  0.746971E-03
  0.499414E+00 -0.331323E-03  0.749515E-03
  0.500140E+00 -0.411487E-03  0.751908E-03
  0.500866E+00 -0.205786E-03  0.731242E-03
  0.501591E+00  0.316355E-03  0.740802E-03
  0.502317E+00  0.379036E-04  0.750001E-03
  0.503043E+00 -0.164234E-03  0.751042E-03
  0.503769E+00  0.101318E-02  0.747192E-03
  0.504495E+00  0.137116E-03  0.742155E-03
  0.505221E+00  0.460305E-03  0.753096E-03
  0.505946E+00  0.626182E-03  0.746567E-03
  0.506672E+00  0.142027E-03  0.751362E-03
  0.507398E+00 -0.559140E-04  0.750048E-03
  0.508124E+00  0.132823E-03  0.753740E-03
  0.508849E+00  0.516068E-03  0.759766E-03
  0.509575E+00 -0.720256E-04  0.750928E-03
  0.510301E+00 -0.224952E-03  0.746835E-03
  0.511026E+00  0.281381E-03  0.751233E-03
  0.511752E+00 -0.270194E-03  0.765013E-03
  0.512478E+00 -0.586862E-03  0.747267E-03
  0.513203E+00 -0.300884E-03  0.743310E-03
  0.513929E+00  0.577332E-04  0.748804E-03
  0.514654E+00 -0.250320E-03  0.751476E-03
  0.515380E+00 -0.477908E-03  0.760825E-03
  0.516106E+00  0.279968E-03  0.775430E-03
  0.516831E+00  0.438539E-03  0.790883E-03
  0.517557E+00  0.213286E-03  0.808899E-03
  0.518282E+00 -0.373566E-03  0.839398E-03
  0.519008E+00  0.531934E-03  0.808447E-03
  0.519733E+00  0.103527E-03  0.818722E-03
  0.520458E+00 -0.345463E-03  0.837517E-03
  0.521184E+00 -0.233675E-03  0.861603E-03
  0.521909E+00 -0.632944E-03  0.835077E-03
  0.522635E+00 -0.562771E-03  0.850356E-03
  0.523360E+00 -0.465118E-03  0.860602E-03
  0.524085E+00 -0.153501E-03  0.862868E-03
  0.524811E+00 -0.153060E-04  0.871432E-03
  0.525536E+00 -0.200902E-03  0.877321E-03
  0.526261E+00  0.516475E-03  0.892632E-03
  0.526987E+00  0.482216E-03  0.884252E-03
  0.527712E+00 -0.330175E-03  0.898898E-03
  0.528437E+00  0.243119E-03  0.897851E-03
  0.529163E+00 -0.559805E-03  0.918610E-03
  0.529888E+00 -0.138589E-03  0.926406E-03
  0.530613E+00  0.420380E-03  0.930157E-03
  0.531338E+00 -0.506333E-03  0.916862E-03
  0.532063E+00  0.867050E-03  0.936017E-03
  0.532789E+00 -0.613873E-03  0.926556E-03
  0.533514E+00 -0.627460E-03  0.940296E-03
  0.534239E+00  0.108979E-03  0.932323E-03
  0.534964E+00 -0.144400E-04  0.964888E-03
  0.535689E+00  0.699595E-03  0.958459E-03
  0.536414E+00  0.477147E-03  0.970058E-03
  0.537139E+00  0.928172E-04  0.949529E-03
  0.537864E+00  0.193866E-03  0.960190E-03
  0.538589E+00  0.276542E-03  0.988049E-03
  0.539314E+00 -0.291558E-03  0.976849E-03
  0.540039E+00 -0.696219E-03  0.101713E-02
  0.540764E+00  0.466642E-03  0.101098E-02
  0.541489E+00  0.321100E-03  0.997966E-03
  0.542214E+00  0.109369E-02  0.102100E-02
  0.542939E+00  0.874148E-04  0.100033E-02
  0.543664E+00  0.121702E-03  0.102097E-02
  0.544389E+00 -0.180198E-03  0.102735E-02
  0.545114E+00 -0.547466E-03  0.104501E-02
  0.545839E+00 -0.974854E-03  0.105850E-02
  0.546563E+00 -0.425469E-03  0.104352E-02
  0.547288E+00  0.438221E-03  0.106455E-02
  0.548013E+00 -0.267360E-03  0.106857E-02
  0.548738E+00  0.144030E-03  0.106490E-02
  0.549463E+00 -0.471487E-03  0.105592E-02
  0.550187E+00  0.161552E-03  0.107413E-02
  0.550912E+00  0.133951E-03  0.111124E-02
  0.551637E+00 -0.482136E-04  0.108080E-02
  0.552361E+00 -0.163754E-02  0.110211E-02
  0.553086E+00 -0.194331E-03  0.108692E-02
  0.553811E+00 -0.868428E-04  0.111076E-02
  0.554535E+00 -0.105156E-02  0.110750E-02
  0.555260E+00  0.987428E-04  0.112535E-02
  0.555985E+00 -0.112461E-02  0.111065E-02
  0.556709E+00 -0.118182E-02  0.111591E-02
  0.557434E+00 -0.532291E-03  0.113481E-02
  0.558158E+00  0.256009E-03  0.110352E-02
  0.558883E+00 -0.104280E-02  0.113583E-02
  0.559607E+00 -0.170479E-02  0.113962E-02
  0.560332E+00 -0.113869E-02  0.116259E-02
  0.561056E+00  0.576828E-04  0.119800E-02
  0.561781E+00  0.500194E-03  0.114558E-02
  0.562505E+00  0.183199E-03  0.114118E-02
  0.563230E+00 -0.370152E-03  0.122490E-02
  0.563954E+00 -0.415789E-03  0.119271E-02
  0.564678E+00 -0.599439E-03  0.118829E-02
  0.565403E+00 -0.454705E-03  0.119526E-02
  0.566127E+00 -0.291472E-04  0.122549E-02
  0.566852E+00  0.907881E-03  0.123372E-02
  0.567576E+00  0.588930E-03  0.125046E-02
  0.568300E+00 -0.691248E-03  0.122970E-02
  0.569024E+00 -0.240132E-03  0.126335E-02
  0.569749E+00 -0.952672E-03  0.127473E-02
  0.570473E+00 -0.621098E-03  0.127955E-02
  0.571197E+00  0.440500E-04  0.129048E-02
  0.571921E+00 -0.177014E-02  0.130235E-02
  0.572646E+00 -0.125631E-02  0.128739E-02
  0.573370E+00  0.353762E-03  0.130828E-02
  0.574094E+00 -0.545719E-03  0.130877E-02
  0.574818E+00  0.323139E-03  0.134353E-02
  0.575542E+00 -0.191216E-02  0.131990E-02
  0.576266E+00 -0.715935E-03  0.134707E-02
  0.576990E+00  0.484264E-03  0.136652E-02
  0.577714E+00 -0.225553E-03  0.135770E-02
  0.578438E+00 -0.432280E-03  0.139059E-02
  0.579162E+00  0.158442E-02  0.142378E-02
  0.579886E+00  0.237963E-03  0.143805E-02
  0.580610E+00 -0.165087E-03  0.144817E-02
  0.581334E+00  0.138444E-02  0.136813E-02
  0.582058E+00 -0.561454E-03  0.148568E-02
  0.582782E+00  0.833921E-03  0.143963E-02
  0.583506E+00 -0.333411E-03  0.151118E-02
  0.584230E+00 -0.475952E-03  0.145396E-02
  0.584954E+00 -0.113908E-02  0.147403E-02
  0.585678E+00 -0.149404E-03  0.158921E-02
  0.586402E+00 -0.615092E-03  0.150181E-02
  0.587125E+00  0.138718E-03  0.154947E-02
  0.587849E+00 -0.139429E-02  0.156394E-02
  0.588573E+00 -0.184612E-02  0.155130E-02
  0.589297E+00  0.814892E-04  0.166224E-02
  0.590021E+00 -0.549738E-03  0.161047E-02
  0.590744E+00  0.142035E-02  0.165448E-02
  0.591468E+00 -0.748327E-03  0.166840E-02
  0.592192E+00  0.180911E-02  0.162631E-02
  0.592915E+00  0.123865E-02  0.167369E-02
  0.593639E+00 -0.779864E-03  0.161295E-02
  0.594363E+00 -0.134782E-03  0.178536E-02
  0.595086E+00  0.203239E-02  0.171977E-02
  0.595810E+00  0.714461E-03  0.172918E-02
  0.596533E+00  0.998127E-03  0.177936E-02
  0.597257E+00 -0.123219E-02  0.178702E-02
  0.597980E+00  0.538989E-03  0.172677E-02
  0.598704E+00 -0.188227E-02  0.187357E-02
  0.599427E+00  0.901865E-03  0.179873E-02
  0.600151E+00  0.187821E-02  0.183747E-02
  0.600874E+00 -0.136002E-02  0.176629E-02
  0.601598E+00 -0.154315E-02  0.180762E-02
  0.602321E+00 -0.575106E-03  0.190003E-02
  0.603045E+00  0.282368E-03  0.180318E-02
  0.603768E+00 -0.237926E-02  0.196841E-02
  0.604491E+00  0.128656E-02  0.187006E-02
  0.605215E+00 -0.314754E-03  0.193260E-02
  0.605938E+00  0.361468E-04  0.192677E-02
  0.606661E+00  0.281411E-03  0.188231E-02
  0.607385E+00  0.165812E-02  0.198884E-02
  0.608108E+00  0.494095E-03  0.194200E-02
  0.608831E+00 -0.425081E-03  0.195455E-02
  0.609554E+00  0.183418E-02  0.203460E-02
  0.610278E+00  0.161178E-03  0.203978E-02
  0.611001E+00 -0.583669E-03  0.204138E-02
  0.611724E+00 -0.225418E-02  0.210494E-02
  0.612447E+00 -0.178658E-02  0.201863E-02
  0.613170E+00 -0.119747E-02  0.221029E-02
  0.613893E+00 -0.227396E-02  0.229046E-02
  0.614616E+00 -0.684114E-03  0.217251E-02
  0.615339E+00 -0.497338E-03  0.217480E-02
  0.616062E+00  0.208156E-02  0.229838E-02
  0.616786E+00  0.688565E-03  0.250202E-02
  0.617509E+00  0.242985E-02  0.270859E-02
  0.618231E+00 -0.121729E-02  0.288366E-02
  0.618954E+00  0.193591E-02  0.295752E-02
  0.619677E+00  0.288987E-02  0.313156E-02
  0.620400E+00 -0.367514E-02  0.359000E-02
  0.621123E+00 -0.233024E-02  0.420274E-02
  0.621846E+00  0.422260E-02  0.456016E-02
  0.622569E+00 -0.492271E-02  0.493442E-02
  0.623292E+00 -0.310452E-03  0.661229E-02
  0.624015E+00 -0.679165E-02  0.866484E-02
  0.624738E+00 -0.102788E-01  0.174866E-01
----------C:\Emma\Synchrotron_2016July\bam1o20_TRY1_raw_data_files_averaged_and_buffer_subtracted\raw_data\bam1o20_2mg_avg.dat-----------------------------
                                                                                
Parent(s): /tmp/qt_temp.MT2931 /tmp/qt_temp.hX2931 /tmp/qt_temp.SL2931 /tmp/qt_t
----------C:\Emma\Synchrotron_2016July\bam1o20_TRY1_raw_data_files_averaged_and_buffer_subtracted\raw_data\bam1o20_buffer_avg.dat-----------------------------
                                                                                
Parent(s): /tmp/qt_temp.MT2571 /tmp/qt_temp.hX2571 /tmp/qt_temp.SL2571 /tmp/qt_t
