 18-Sep-2016       (1.000 *bam1o20_1mg_avg - 1.005 *bam1o20_buffer_) /  1.0000
bam1o20_1mg_  Conc = .10E+01  Mult = .10E+01  N1 =    1  N2 =  843  SCALE =  1
 fer_avg.dat  Conc = .10E+01  Mult = .10E+01  N1 =    1  N2 =  843  SCALE =  1
  0.113375E-01  0.113694E+00  0.934789E-02
  0.120690E-01  0.113195E+00  0.536399E-02
  0.128004E-01  0.113890E+00  0.454309E-02
  0.135319E-01  0.115450E+00  0.403878E-02
  0.142633E-01  0.110508E+00  0.368105E-02
  0.149948E-01  0.110997E+00  0.331399E-02
  0.157262E-01  0.108562E+00  0.305083E-02
  0.164577E-01  0.111794E+00  0.296535E-02
  0.171891E-01  0.113159E+00  0.292771E-02
  0.179206E-01  0.110847E+00  0.280360E-02
  0.186520E-01  0.107127E+00  0.263732E-02
  0.193835E-01  0.105816E+00  0.257902E-02
  0.201149E-01  0.106189E+00  0.249458E-02
  0.208464E-01  0.102327E+00  0.249333E-02
  0.215778E-01  0.106126E+00  0.238438E-02
  0.223093E-01  0.101775E+00  0.236222E-02
  0.230407E-01  0.104063E+00  0.230254E-02
  0.237721E-01  0.980355E-01  0.230093E-02
  0.245036E-01  0.102249E+00  0.221069E-02
  0.252350E-01  0.100991E+00  0.218284E-02
  0.259665E-01  0.993873E-01  0.216454E-02
  0.266979E-01  0.974166E-01  0.208315E-02
  0.274293E-01  0.967425E-01  0.217086E-02
  0.281608E-01  0.968138E-01  0.197077E-02
  0.288922E-01  0.932555E-01  0.196877E-02
  0.296237E-01  0.934489E-01  0.202764E-02
  0.303551E-01  0.921877E-01  0.197317E-02
  0.310865E-01  0.902592E-01  0.195839E-02
  0.318180E-01  0.904037E-01  0.191392E-02
  0.325494E-01  0.875696E-01  0.207427E-02
  0.332808E-01  0.886935E-01  0.187202E-02
  0.340123E-01  0.871290E-01  0.173283E-02
  0.347437E-01  0.871703E-01  0.179655E-02
  0.354751E-01  0.862586E-01  0.175380E-02
  0.362065E-01  0.837342E-01  0.172387E-02
  0.369380E-01  0.827375E-01  0.176707E-02
  0.376694E-01  0.818846E-01  0.166862E-02
  0.384008E-01  0.818602E-01  0.168176E-02
  0.391322E-01  0.791253E-01  0.166958E-02
  0.398636E-01  0.789821E-01  0.163416E-02
  0.405951E-01  0.754500E-01  0.164248E-02
  0.413265E-01  0.749266E-01  0.157128E-02
  0.420579E-01  0.751482E-01  0.159537E-02
  0.427893E-01  0.715112E-01  0.157492E-02
  0.435207E-01  0.712893E-01  0.153642E-02
  0.442521E-01  0.702564E-01  0.158937E-02
  0.449836E-01  0.687476E-01  0.153324E-02
  0.457150E-01  0.681513E-01  0.153365E-02
  0.464464E-01  0.681855E-01  0.142436E-02
  0.471778E-01  0.669867E-01  0.148035E-02
  0.479092E-01  0.653094E-01  0.145613E-02
  0.486406E-01  0.627097E-01  0.144672E-02
  0.493720E-01  0.631315E-01  0.142982E-02
  0.501034E-01  0.626816E-01  0.138685E-02
  0.508348E-01  0.599584E-01  0.142223E-02
  0.515662E-01  0.593911E-01  0.142869E-02
  0.522976E-01  0.585721E-01  0.139213E-02
  0.530290E-01  0.562014E-01  0.140231E-02
  0.537604E-01  0.567537E-01  0.142011E-02
  0.544917E-01  0.546958E-01  0.142357E-02
  0.552231E-01  0.528366E-01  0.144153E-02
  0.559545E-01  0.520251E-01  0.145522E-02
  0.566859E-01  0.504347E-01  0.147443E-02
  0.574173E-01  0.478150E-01  0.155121E-02
  0.581487E-01  0.490003E-01  0.149884E-02
  0.588800E-01  0.466478E-01  0.151782E-02
  0.596114E-01  0.467627E-01  0.149656E-02
  0.603428E-01  0.442752E-01  0.147555E-02
  0.610742E-01  0.418195E-01  0.151037E-02
  0.618055E-01  0.408210E-01  0.143433E-02
  0.625369E-01  0.402446E-01  0.143064E-02
  0.632683E-01  0.416353E-01  0.142656E-02
  0.639996E-01  0.385527E-01  0.141185E-02
  0.647310E-01  0.389242E-01  0.140643E-02
  0.654624E-01  0.367660E-01  0.135172E-02
  0.661937E-01  0.348583E-01  0.134271E-02
  0.669251E-01  0.354788E-01  0.128634E-02
  0.676564E-01  0.332343E-01  0.129208E-02
  0.683878E-01  0.337016E-01  0.125536E-02
  0.691191E-01  0.314928E-01  0.123482E-02
  0.698505E-01  0.310537E-01  0.123255E-02
  0.705818E-01  0.293146E-01  0.123503E-02
  0.713132E-01  0.291362E-01  0.120773E-02
  0.720445E-01  0.280659E-01  0.120743E-02
  0.727759E-01  0.274572E-01  0.119010E-02
  0.735072E-01  0.256956E-01  0.117664E-02
  0.742385E-01  0.259501E-01  0.115649E-02
  0.749699E-01  0.243769E-01  0.115609E-02
  0.757012E-01  0.238490E-01  0.114186E-02
  0.764325E-01  0.229113E-01  0.114091E-02
  0.771638E-01  0.232882E-01  0.112487E-02
  0.778952E-01  0.211802E-01  0.108473E-02
  0.786265E-01  0.201658E-01  0.109001E-02
  0.793578E-01  0.200378E-01  0.107448E-02
  0.800891E-01  0.179505E-01  0.108377E-02
  0.808204E-01  0.174793E-01  0.104821E-02
  0.815517E-01  0.178431E-01  0.105786E-02
  0.822830E-01  0.172919E-01  0.104730E-02
  0.830143E-01  0.157580E-01  0.104107E-02
  0.837456E-01  0.156136E-01  0.102793E-02
  0.844769E-01  0.165563E-01  0.102363E-02
  0.852082E-01  0.144393E-01  0.103272E-02
  0.859395E-01  0.136915E-01  0.102133E-02
  0.866708E-01  0.130337E-01  0.101814E-02
  0.874021E-01  0.129458E-01  0.101715E-02
  0.881334E-01  0.123622E-01  0.996720E-03
  0.888647E-01  0.128434E-01  0.101496E-02
  0.895959E-01  0.114816E-01  0.101490E-02
  0.903272E-01  0.112449E-01  0.998003E-03
  0.910585E-01  0.110951E-01  0.101644E-02
  0.917897E-01  0.941063E-02  0.100699E-02
  0.925210E-01  0.923730E-02  0.103052E-02
  0.932523E-01  0.936977E-02  0.101443E-02
  0.939835E-01  0.762705E-02  0.102260E-02
  0.947148E-01  0.804749E-02  0.103887E-02
  0.954460E-01  0.861988E-02  0.101825E-02
  0.961773E-01  0.734720E-02  0.103079E-02
  0.969085E-01  0.708558E-02  0.100715E-02
  0.976398E-01  0.596665E-02  0.104452E-02
  0.983710E-01  0.692503E-02  0.102345E-02
  0.991023E-01  0.585983E-02  0.100355E-02
  0.998335E-01  0.479066E-02  0.100926E-02
  0.100565E+00  0.579177E-02  0.102043E-02
  0.101296E+00  0.539417E-02  0.102328E-02
  0.102027E+00  0.446465E-02  0.100303E-02
  0.102758E+00  0.563620E-02  0.100904E-02
  0.103490E+00  0.396806E-02  0.991025E-03
  0.104221E+00  0.474979E-02  0.956578E-03
  0.104952E+00  0.408721E-02  0.956371E-03
  0.105683E+00  0.418580E-02  0.930480E-03
  0.106414E+00  0.448872E-02  0.919730E-03
  0.107146E+00  0.371502E-02  0.938149E-03
  0.107877E+00  0.416657E-02  0.925322E-03
  0.108608E+00  0.402389E-02  0.914843E-03
  0.109339E+00  0.305058E-02  0.922064E-03
  0.110070E+00  0.319926E-02  0.897091E-03
  0.110802E+00  0.369773E-02  0.904833E-03
  0.111533E+00  0.223799E-02  0.904071E-03
  0.112264E+00  0.334406E-02  0.907010E-03
  0.112995E+00  0.336318E-02  0.890574E-03
  0.113726E+00  0.176150E-02  0.891142E-03
  0.114457E+00  0.193432E-02  0.887099E-03
  0.115189E+00  0.281883E-02  0.868721E-03
  0.115920E+00  0.179597E-02  0.867517E-03
  0.116651E+00  0.143847E-02  0.880564E-03
  0.117382E+00  0.248613E-02  0.876816E-03
  0.118113E+00  0.184159E-02  0.879396E-03
  0.118844E+00  0.356481E-02  0.869009E-03
  0.119576E+00  0.217485E-02  0.864270E-03
  0.120307E+00  0.213081E-02  0.858934E-03
  0.121038E+00  0.222427E-02  0.870362E-03
  0.121769E+00  0.172241E-02  0.869871E-03
  0.122500E+00  0.173468E-02  0.844100E-03
  0.123231E+00  0.250842E-02  0.845892E-03
  0.123962E+00  0.246982E-02  0.830100E-03
  0.124693E+00  0.197244E-02  0.825330E-03
  0.125425E+00  0.207766E-02  0.822098E-03
  0.126156E+00  0.247023E-02  0.823497E-03
  0.126887E+00  0.224295E-02  0.831300E-03
  0.127618E+00  0.166106E-02  0.833287E-03
  0.128349E+00  0.254683E-02  0.821905E-03
  0.129080E+00  0.219009E-02  0.820726E-03
  0.129811E+00  0.267454E-02  0.824153E-03
  0.130542E+00  0.309948E-02  0.797246E-03
  0.131273E+00  0.293188E-02  0.800972E-03
  0.132004E+00  0.337615E-02  0.828391E-03
  0.132735E+00  0.164357E-02  0.800217E-03
  0.133466E+00  0.280689E-02  0.802971E-03
  0.134197E+00  0.373065E-02  0.796721E-03
  0.134929E+00  0.262357E-02  0.786478E-03
  0.135660E+00  0.311925E-02  0.788667E-03
  0.136391E+00  0.268441E-02  0.781467E-03
  0.137122E+00  0.458584E-02  0.765053E-03
  0.137853E+00  0.388058E-02  0.787192E-03
  0.138584E+00  0.352557E-02  0.788212E-03
  0.139315E+00  0.303124E-02  0.763313E-03
  0.140046E+00  0.355325E-02  0.756798E-03
  0.140777E+00  0.379238E-02  0.780865E-03
  0.141508E+00  0.399396E-02  0.765729E-03
  0.142239E+00  0.330872E-02  0.778520E-03
  0.142970E+00  0.409504E-02  0.771697E-03
  0.143701E+00  0.356883E-02  0.747766E-03
  0.144432E+00  0.467622E-02  0.765919E-03
  0.145163E+00  0.405783E-02  0.761054E-03
  0.145894E+00  0.327931E-02  0.762290E-03
  0.146625E+00  0.426051E-02  0.760108E-03
  0.147356E+00  0.442444E-02  0.758031E-03
  0.148087E+00  0.475852E-02  0.755597E-03
  0.148818E+00  0.504846E-02  0.739668E-03
  0.149549E+00  0.431346E-02  0.738033E-03
  0.150280E+00  0.458052E-02  0.748159E-03
  0.151011E+00  0.428758E-02  0.744922E-03
  0.151741E+00  0.457431E-02  0.742567E-03
  0.152472E+00  0.424121E-02  0.732123E-03
  0.153203E+00  0.497488E-02  0.729664E-03
  0.153934E+00  0.486795E-02  0.736968E-03
  0.154665E+00  0.490698E-02  0.740630E-03
  0.155396E+00  0.481683E-02  0.727287E-03
  0.156127E+00  0.514971E-02  0.740882E-03
  0.156858E+00  0.513013E-02  0.725163E-03
  0.157589E+00  0.563727E-02  0.726862E-03
  0.158320E+00  0.568882E-02  0.725375E-03
  0.159051E+00  0.557622E-02  0.718082E-03
  0.159782E+00  0.521971E-02  0.732956E-03
  0.160512E+00  0.517477E-02  0.710897E-03
  0.161243E+00  0.512589E-02  0.717886E-03
  0.161974E+00  0.603270E-02  0.716215E-03
  0.162705E+00  0.563451E-02  0.714623E-03
  0.163436E+00  0.639151E-02  0.712831E-03
  0.164167E+00  0.609217E-02  0.717778E-03
  0.164898E+00  0.596715E-02  0.704243E-03
  0.165628E+00  0.549986E-02  0.707157E-03
  0.166359E+00  0.589970E-02  0.713441E-03
  0.167090E+00  0.562967E-02  0.707123E-03
  0.167821E+00  0.552516E-02  0.697373E-03
  0.168552E+00  0.663698E-02  0.685378E-03
  0.169283E+00  0.566942E-02  0.683542E-03
  0.170013E+00  0.584670E-02  0.695323E-03
  0.170744E+00  0.605023E-02  0.689931E-03
  0.171475E+00  0.571519E-02  0.686046E-03
  0.172206E+00  0.656136E-02  0.698678E-03
  0.172937E+00  0.689972E-02  0.692331E-03
  0.173667E+00  0.665112E-02  0.682640E-03
  0.174398E+00  0.628816E-02  0.678349E-03
  0.175129E+00  0.652726E-02  0.677691E-03
  0.175860E+00  0.603961E-02  0.680156E-03
  0.176590E+00  0.677904E-02  0.673242E-03
  0.177321E+00  0.610191E-02  0.683892E-03
  0.178052E+00  0.635152E-02  0.676815E-03
  0.178783E+00  0.568311E-02  0.671071E-03
  0.179513E+00  0.608634E-02  0.669300E-03
  0.180244E+00  0.593453E-02  0.664589E-03
  0.180975E+00  0.641280E-02  0.671901E-03
  0.181706E+00  0.555887E-02  0.669272E-03
  0.182436E+00  0.627577E-02  0.652820E-03
  0.183167E+00  0.548529E-02  0.660426E-03
  0.183898E+00  0.656693E-02  0.658504E-03
  0.184629E+00  0.626285E-02  0.650391E-03
  0.185359E+00  0.692714E-02  0.659670E-03
  0.186090E+00  0.616258E-02  0.650395E-03
  0.186821E+00  0.646580E-02  0.661295E-03
  0.187551E+00  0.673996E-02  0.657459E-03
  0.188282E+00  0.636202E-02  0.644992E-03
  0.189013E+00  0.642763E-02  0.644392E-03
  0.189743E+00  0.604847E-02  0.651114E-03
  0.190474E+00  0.510708E-02  0.657665E-03
  0.191205E+00  0.653001E-02  0.649521E-03
  0.191935E+00  0.614049E-02  0.640975E-03
  0.192666E+00  0.613445E-02  0.636094E-03
  0.193396E+00  0.586022E-02  0.635423E-03
  0.194127E+00  0.619642E-02  0.636500E-03
  0.194858E+00  0.578805E-02  0.634489E-03
  0.195588E+00  0.594487E-02  0.633925E-03
  0.196319E+00  0.536001E-02  0.633233E-03
  0.197049E+00  0.535830E-02  0.630477E-03
  0.197780E+00  0.591176E-02  0.628677E-03
  0.198511E+00  0.565733E-02  0.629870E-03
  0.199241E+00  0.557174E-02  0.621919E-03
  0.199972E+00  0.607725E-02  0.630391E-03
  0.200702E+00  0.554734E-02  0.624449E-03
  0.201433E+00  0.541185E-02  0.624436E-03
  0.202163E+00  0.541196E-02  0.633592E-03
  0.202894E+00  0.473713E-02  0.621748E-03
  0.203625E+00  0.542899E-02  0.620194E-03
  0.204355E+00  0.581506E-02  0.628907E-03
  0.205086E+00  0.522578E-02  0.633925E-03
  0.205816E+00  0.542435E-02  0.616612E-03
  0.206547E+00  0.506025E-02  0.619445E-03
  0.207277E+00  0.493212E-02  0.617136E-03
  0.208008E+00  0.588315E-02  0.620429E-03
  0.208738E+00  0.422383E-02  0.631206E-03
  0.209469E+00  0.481651E-02  0.641165E-03
  0.210199E+00  0.506337E-02  0.626560E-03
  0.210930E+00  0.467132E-02  0.634400E-03
  0.211660E+00  0.516558E-02  0.623813E-03
  0.212390E+00  0.467290E-02  0.621478E-03
  0.213121E+00  0.429743E-02  0.619640E-03
  0.213851E+00  0.474537E-02  0.628665E-03
  0.214582E+00  0.384331E-02  0.628846E-03
  0.215312E+00  0.423201E-02  0.630833E-03
  0.216043E+00  0.409686E-02  0.622250E-03
  0.216773E+00  0.433730E-02  0.638916E-03
  0.217503E+00  0.444552E-02  0.629129E-03
  0.218234E+00  0.384646E-02  0.637291E-03
  0.218964E+00  0.433353E-02  0.634996E-03
  0.219695E+00  0.478521E-02  0.636026E-03
  0.220425E+00  0.408261E-02  0.628477E-03
  0.221155E+00  0.393463E-02  0.619119E-03
  0.221886E+00  0.498747E-02  0.631932E-03
  0.222616E+00  0.350166E-02  0.612220E-03
  0.223346E+00  0.334141E-02  0.613299E-03
  0.224077E+00  0.439244E-02  0.613898E-03
  0.224807E+00  0.344698E-02  0.602894E-03
  0.225537E+00  0.409490E-02  0.613427E-03
  0.226268E+00  0.415084E-02  0.601474E-03
  0.226998E+00  0.337304E-02  0.601848E-03
  0.227728E+00  0.358567E-02  0.604671E-03
  0.228459E+00  0.358839E-02  0.601310E-03
  0.229189E+00  0.376547E-02  0.594702E-03
  0.229919E+00  0.355711E-02  0.596890E-03
  0.230650E+00  0.300911E-02  0.593376E-03
  0.231380E+00  0.335639E-02  0.592275E-03
  0.232110E+00  0.342912E-02  0.606858E-03
  0.232840E+00  0.323195E-02  0.597791E-03
  0.233571E+00  0.349425E-02  0.588019E-03
  0.234301E+00  0.352652E-02  0.595177E-03
  0.235031E+00  0.293628E-02  0.592773E-03
  0.235761E+00  0.235141E-02  0.576979E-03
  0.236491E+00  0.271897E-02  0.574744E-03
  0.237222E+00  0.261119E-02  0.586842E-03
  0.237952E+00  0.253816E-02  0.578509E-03
  0.238682E+00  0.248522E-02  0.583550E-03
  0.239412E+00  0.260660E-02  0.581617E-03
  0.240142E+00  0.289209E-02  0.575925E-03
  0.240873E+00  0.292285E-02  0.570779E-03
  0.241603E+00  0.252573E-02  0.579755E-03
  0.242333E+00  0.223052E-02  0.563693E-03
  0.243063E+00  0.245710E-02  0.579244E-03
  0.243793E+00  0.234289E-02  0.568550E-03
  0.244523E+00  0.172106E-02  0.576216E-03
  0.245253E+00  0.239128E-02  0.562565E-03
  0.245984E+00  0.211570E-02  0.577655E-03
  0.246714E+00  0.252585E-02  0.578433E-03
  0.247444E+00  0.299554E-02  0.575154E-03
  0.248174E+00  0.161466E-02  0.593754E-03
  0.248904E+00  0.236085E-02  0.578840E-03
  0.249634E+00  0.216550E-02  0.593128E-03
  0.250364E+00  0.212029E-02  0.588493E-03
  0.251094E+00  0.284522E-02  0.592617E-03
  0.251824E+00  0.174858E-02  0.589043E-03
  0.252554E+00  0.151818E-02  0.584011E-03
  0.253284E+00  0.170438E-02  0.585272E-03
  0.254014E+00  0.198757E-02  0.584532E-03
  0.254744E+00  0.190296E-02  0.585913E-03
  0.255474E+00  0.152896E-02  0.592905E-03
  0.256204E+00  0.212914E-02  0.588793E-03
  0.256934E+00  0.164317E-02  0.568153E-03
  0.257664E+00  0.175673E-02  0.584855E-03
  0.258394E+00  0.200697E-02  0.583371E-03
  0.259124E+00  0.156787E-02  0.581859E-03
  0.259854E+00  0.216757E-02  0.583374E-03
  0.260584E+00  0.212478E-02  0.581681E-03
  0.261314E+00  0.204932E-02  0.590629E-03
  0.262044E+00  0.143644E-02  0.594261E-03
  0.262774E+00  0.651063E-03  0.589146E-03
  0.263504E+00  0.897804E-03  0.577540E-03
  0.264234E+00  0.157914E-02  0.581197E-03
  0.264964E+00  0.211276E-02  0.577459E-03
  0.265693E+00  0.170498E-02  0.582381E-03
  0.266423E+00  0.166115E-02  0.575309E-03
  0.267153E+00  0.114987E-02  0.575860E-03
  0.267883E+00  0.113966E-02  0.581800E-03
  0.268613E+00  0.100645E-02  0.587036E-03
  0.269343E+00  0.159059E-02  0.578881E-03
  0.270073E+00  0.825673E-03  0.587230E-03
  0.270802E+00  0.103624E-02  0.587557E-03
  0.271532E+00  0.951694E-03  0.585064E-03
  0.272262E+00  0.915003E-03  0.577694E-03
  0.272992E+00  0.832230E-03  0.583145E-03
  0.273722E+00  0.964813E-03  0.576942E-03
  0.274451E+00  0.984282E-03  0.577551E-03
  0.275181E+00  0.855302E-03  0.576133E-03
  0.275911E+00  0.140142E-02  0.576451E-03
  0.276641E+00  0.994939E-03  0.585610E-03
  0.277371E+00  0.561936E-03  0.569290E-03
  0.278100E+00  0.166765E-02  0.578475E-03
  0.278830E+00  0.739206E-03  0.586759E-03
  0.279560E+00  0.115905E-02  0.570623E-03
  0.280289E+00  0.830958E-03  0.575297E-03
  0.281019E+00  0.124247E-02  0.580823E-03
  0.281749E+00  0.967099E-03  0.569624E-03
  0.282479E+00  0.131027E-02  0.568703E-03
  0.283208E+00  0.879738E-03  0.577448E-03
  0.283938E+00  0.930278E-03  0.567937E-03
  0.284668E+00  0.102161E-02  0.558899E-03
  0.285397E+00  0.726805E-03  0.571113E-03
  0.286127E+00  0.915380E-03  0.572793E-03
  0.286856E+00  0.837210E-03  0.571686E-03
  0.287586E+00  0.254086E-03  0.577034E-03
  0.288316E+00  0.124453E-02  0.572039E-03
  0.289045E+00  0.239332E-03  0.572751E-03
  0.289775E+00  0.878422E-03  0.565994E-03
  0.290504E+00  0.122010E-02  0.561806E-03
  0.291234E+00  0.904643E-03  0.557320E-03
  0.291964E+00  0.967040E-03  0.560886E-03
  0.292693E+00  0.134287E-02  0.553075E-03
  0.293423E+00  0.757080E-03  0.566916E-03
  0.294152E+00  0.787684E-03  0.577481E-03
  0.294882E+00  0.646988E-03  0.563144E-03
  0.295611E+00  0.128285E-02  0.565956E-03
  0.296341E+00  0.688469E-03  0.564702E-03
  0.297070E+00  0.114931E-02  0.568417E-03
  0.297800E+00  0.520851E-03  0.572452E-03
  0.298529E+00  0.822703E-03  0.559861E-03
  0.299259E+00  0.994642E-03  0.569764E-03
  0.299988E+00  0.115418E-02  0.560322E-03
  0.300718E+00  0.427201E-03  0.574948E-03
  0.301447E+00  0.685370E-03  0.576353E-03
  0.302176E+00  0.942185E-03  0.568009E-03
  0.302906E+00  0.783758E-03  0.563993E-03
  0.303635E+00  0.134190E-02  0.586880E-03
  0.304365E+00  0.563476E-03  0.589178E-03
  0.305094E+00  0.142162E-02  0.590641E-03
  0.305823E+00  0.390483E-03  0.572741E-03
  0.306553E+00  0.759203E-03  0.584525E-03
  0.307282E+00  0.401025E-03  0.580722E-03
  0.308012E+00  0.219128E-03  0.596009E-03
  0.308741E+00  0.111587E-02  0.583788E-03
  0.309470E+00  0.783245E-03  0.579811E-03
  0.310200E+00  0.127293E-02  0.572719E-03
  0.310929E+00  0.104016E-02  0.589443E-03
  0.311658E+00  0.711828E-03  0.580436E-03
  0.312387E+00  0.905723E-03  0.599467E-03
  0.313117E+00  0.863258E-03  0.589895E-03
  0.313846E+00  0.285912E-03  0.601234E-03
  0.314575E+00  0.866455E-03  0.593829E-03
  0.315305E+00  0.955405E-03  0.599684E-03
  0.316034E+00  0.761657E-03  0.579162E-03
  0.316763E+00  0.125664E-02  0.590666E-03
  0.317492E+00  0.805356E-03  0.585341E-03
  0.318221E+00 -0.185949E-03  0.597536E-03
  0.318951E+00  0.664990E-03  0.592334E-03
  0.319680E+00  0.979055E-04  0.597399E-03
  0.320409E+00  0.538648E-03  0.597685E-03
  0.321138E+00  0.590025E-03  0.586995E-03
  0.321867E+00  0.289967E-03  0.600932E-03
  0.322596E+00  0.986490E-03  0.604127E-03
  0.323326E+00  0.580808E-03  0.607584E-03
  0.324055E+00 -0.825545E-04  0.608741E-03
  0.324784E+00  0.540451E-03  0.598066E-03
  0.325513E+00  0.736675E-03  0.601170E-03
  0.326242E+00  0.676073E-03  0.586207E-03
  0.326971E+00  0.541801E-03  0.601576E-03
  0.327700E+00  0.775316E-03  0.596953E-03
  0.328429E+00  0.350541E-03  0.600939E-03
  0.329158E+00  0.187277E-03  0.614568E-03
  0.329887E+00  0.396585E-03  0.600869E-03
  0.330616E+00  0.263191E-03  0.602002E-03
  0.331345E+00  0.767915E-03  0.608241E-03
  0.332074E+00  0.236998E-03  0.602557E-03
  0.332803E+00  0.443446E-03  0.613669E-03
  0.333532E+00  0.138496E-02  0.609252E-03
  0.334261E+00  0.460690E-03  0.598556E-03
  0.334990E+00  0.130504E-02  0.608740E-03
  0.335719E+00  0.846945E-03  0.604184E-03
  0.336448E+00  0.728798E-03  0.601972E-03
  0.337177E+00  0.496588E-03  0.620347E-03
  0.337906E+00  0.350360E-03  0.608693E-03
  0.338635E+00  0.296511E-03  0.608994E-03
  0.339364E+00  0.692000E-03  0.598599E-03
  0.340093E+00  0.447474E-03  0.585796E-03
  0.340822E+00  0.476598E-03  0.607624E-03
  0.341551E+00 -0.413500E-05  0.603159E-03
  0.342279E+00  0.447068E-03  0.610552E-03
  0.343008E+00  0.110825E-02  0.604743E-03
  0.343737E+00  0.347374E-03  0.614524E-03
  0.344466E+00  0.897013E-03  0.609861E-03
  0.345195E+00  0.317575E-03  0.616617E-03
  0.345923E+00  0.707898E-03  0.609111E-03
  0.346652E+00  0.107230E-02  0.611480E-03
  0.347381E+00  0.452552E-03  0.606294E-03
  0.348110E+00  0.107713E-02  0.596114E-03
  0.348839E+00 -0.184602E-03  0.608890E-03
  0.349567E+00  0.513398E-03  0.598306E-03
  0.350296E+00  0.208252E-03  0.620506E-03
  0.351025E+00  0.728335E-03  0.608959E-03
  0.351753E+00  0.131647E-03  0.616392E-03
  0.352482E+00  0.650471E-03  0.615560E-03
  0.353211E+00  0.132128E-03  0.602818E-03
  0.353940E+00  0.501430E-03  0.607044E-03
  0.354668E+00  0.888140E-03  0.606157E-03
  0.355397E+00  0.220052E-03  0.617727E-03
  0.356126E+00  0.206197E-03  0.611347E-03
  0.356854E+00  0.306655E-03  0.619143E-03
  0.357583E+00  0.147347E-02  0.622324E-03
  0.358311E+00  0.540341E-03  0.608034E-03
  0.359040E+00  0.615346E-03  0.617467E-03
  0.359769E+00  0.505725E-03  0.609201E-03
  0.360497E+00  0.690868E-03  0.605331E-03
  0.361226E+00 -0.384513E-03  0.618421E-03
  0.361954E+00  0.107452E-02  0.615896E-03
  0.362683E+00  0.110820E-02  0.637904E-03
  0.363411E+00  0.128520E-04  0.625834E-03
  0.364140E+00  0.935272E-03  0.631017E-03
  0.364868E+00  0.169360E-03  0.649455E-03
  0.365597E+00  0.392140E-03  0.637641E-03
  0.366325E+00 -0.228511E-03  0.652287E-03
  0.367054E+00  0.332218E-03  0.638699E-03
  0.367782E+00  0.822825E-03  0.656667E-03
  0.368511E+00  0.897927E-03  0.650394E-03
  0.369239E+00  0.758295E-03  0.649119E-03
  0.369967E+00  0.518361E-03  0.661930E-03
  0.370696E+00  0.516709E-03  0.651354E-03
  0.371424E+00  0.568068E-03  0.649673E-03
  0.372153E+00  0.395050E-03  0.655572E-03
  0.372881E+00  0.885706E-03  0.651469E-03
  0.373609E+00 -0.189608E-03  0.666048E-03
  0.374338E+00  0.216767E-03  0.664229E-03
  0.375066E+00  0.864354E-03  0.661128E-03
  0.375794E+00  0.116213E-02  0.644155E-03
  0.376523E+00  0.709158E-03  0.642068E-03
  0.377251E+00  0.102020E-02  0.652443E-03
  0.377979E+00 -0.439865E-04  0.646737E-03
  0.378708E+00 -0.314333E-03  0.639067E-03
  0.379436E+00  0.278322E-03  0.645929E-03
  0.380164E+00  0.107032E-02  0.629690E-03
  0.380892E+00  0.598503E-03  0.648825E-03
  0.381621E+00  0.543199E-03  0.640458E-03
  0.382349E+00  0.745040E-03  0.636227E-03
  0.383077E+00  0.835018E-03  0.620446E-03
  0.383805E+00  0.343397E-03  0.631492E-03
  0.384533E+00  0.679895E-03  0.633412E-03
  0.385261E+00  0.470935E-03  0.631050E-03
  0.385990E+00  0.462483E-03  0.630799E-03
  0.386718E+00  0.741933E-03  0.638149E-03
  0.387446E+00  0.416258E-03  0.637287E-03
  0.388174E+00  0.918693E-03  0.627960E-03
  0.388902E+00  0.389185E-03  0.649527E-03
  0.389630E+00  0.382510E-04  0.642205E-03
  0.390358E+00  0.398866E-03  0.637533E-03
  0.391086E+00  0.868496E-03  0.636760E-03
  0.391814E+00  0.283907E-03  0.625483E-03
  0.392542E+00  0.326300E-03  0.633226E-03
  0.393270E+00  0.198775E-03  0.640666E-03
  0.393998E+00  0.562553E-03  0.638928E-03
  0.394726E+00  0.416532E-03  0.651808E-03
  0.395454E+00 -0.170830E-04  0.643199E-03
  0.396182E+00  0.874470E-03  0.634234E-03
  0.396910E+00  0.140356E-03  0.627692E-03
  0.397638E+00  0.389265E-03  0.635709E-03
  0.398366E+00  0.319742E-03  0.633698E-03
  0.399094E+00 -0.274750E-04  0.618881E-03
  0.399822E+00  0.643203E-03  0.636179E-03
  0.400550E+00  0.143062E-03  0.620431E-03
  0.401278E+00  0.588694E-03  0.622374E-03
  0.402006E+00  0.363447E-03  0.619382E-03
  0.402734E+00  0.269542E-03  0.628523E-03
  0.403461E+00  0.656803E-03  0.636993E-03
  0.404189E+00  0.274806E-03  0.621318E-03
  0.404917E+00  0.316947E-03  0.620391E-03
  0.405645E+00  0.448570E-03  0.627253E-03
  0.406373E+00  0.614299E-03  0.620442E-03
  0.407100E+00  0.359777E-03  0.622639E-03
  0.407828E+00  0.380933E-03  0.617729E-03
  0.408556E+00  0.131151E-03  0.629092E-03
  0.409284E+00  0.465723E-03  0.624102E-03
  0.410011E+00  0.603848E-03  0.613160E-03
  0.410739E+00  0.402823E-03  0.630715E-03
  0.411467E+00 -0.121338E-03  0.614755E-03
  0.412195E+00  0.542200E-03  0.623044E-03
  0.412922E+00  0.833182E-03  0.615368E-03
  0.413650E+00  0.785303E-03  0.619074E-03
  0.414378E+00  0.538428E-03  0.616651E-03
  0.415105E+00  0.173137E-03  0.622327E-03
  0.415833E+00  0.103340E-02  0.636323E-03
  0.416560E+00  0.108861E-03  0.635695E-03
  0.417288E+00  0.480530E-04  0.641865E-03
  0.418016E+00  0.321103E-03  0.637794E-03
  0.418743E+00 -0.182035E-03  0.652947E-03
  0.419471E+00  0.106498E-02  0.644788E-03
  0.420198E+00  0.561770E-04  0.650301E-03
  0.420926E+00  0.551965E-03  0.654605E-03
  0.421653E+00  0.952976E-03  0.651946E-03
  0.422381E+00  0.451607E-03  0.649352E-03
  0.423108E+00  0.491232E-03  0.667369E-03
  0.423836E+00  0.289143E-03  0.649287E-03
  0.424563E+00 -0.180096E-03  0.666268E-03
  0.425291E+00  0.529477E-03  0.661551E-03
  0.426018E+00  0.300804E-03  0.669295E-03
  0.426745E+00 -0.625057E-03  0.664345E-03
  0.427473E+00  0.492468E-03  0.666763E-03
  0.428200E+00 -0.248214E-03  0.673561E-03
  0.428928E+00  0.563093E-03  0.669597E-03
  0.429655E+00 -0.394700E-05  0.660155E-03
  0.430382E+00 -0.227500E-04  0.672047E-03
  0.431110E+00  0.181097E-03  0.691559E-03
  0.431837E+00  0.394060E-03  0.671121E-03
  0.432564E+00  0.768662E-03  0.668572E-03
  0.433292E+00  0.140172E-03  0.694451E-03
  0.434019E+00 -0.492006E-03  0.690395E-03
  0.434746E+00  0.420276E-03  0.686186E-03
  0.435473E+00  0.539039E-03  0.678212E-03
  0.436201E+00 -0.435033E-03  0.689230E-03
  0.436928E+00  0.350867E-03  0.686651E-03
  0.437655E+00 -0.259835E-04  0.713368E-03
  0.438382E+00  0.502221E-03  0.714397E-03
  0.439109E+00  0.121434E-03  0.700078E-03
  0.439837E+00  0.307572E-03  0.697091E-03
  0.440564E+00 -0.301312E-03  0.695128E-03
  0.441291E+00  0.264582E-03  0.686181E-03
  0.442018E+00  0.570945E-04  0.712628E-03
  0.442745E+00 -0.431449E-03  0.693420E-03
  0.443472E+00 -0.388847E-03  0.692174E-03
  0.444199E+00 -0.574960E-04  0.688778E-03
  0.444926E+00 -0.577570E-03  0.679480E-03
  0.445653E+00  0.385014E-03  0.703089E-03
  0.446380E+00  0.643138E-03  0.688579E-03
  0.447107E+00  0.377456E-03  0.704555E-03
  0.447834E+00 -0.174566E-03  0.681670E-03
  0.448561E+00  0.903620E-03  0.699838E-03
  0.449288E+00  0.505312E-03  0.707236E-03
  0.450015E+00  0.393390E-03  0.690715E-03
  0.450742E+00 -0.153462E-03  0.711080E-03
  0.451469E+00  0.226702E-03  0.693738E-03
  0.452196E+00  0.837300E-05  0.708584E-03
  0.452923E+00  0.123002E-03  0.706156E-03
  0.453650E+00 -0.261985E-03  0.706360E-03
  0.454377E+00  0.778407E-03  0.701403E-03
  0.455104E+00  0.349371E-03  0.714685E-03
  0.455831E+00  0.591323E-03  0.704342E-03
  0.456557E+00 -0.282517E-03  0.716859E-03
  0.457284E+00 -0.265905E-03  0.701458E-03
  0.458011E+00  0.493293E-03  0.712565E-03
  0.458738E+00 -0.385395E-03  0.712327E-03
  0.459465E+00 -0.285617E-03  0.716507E-03
  0.460191E+00  0.160115E-03  0.710796E-03
  0.460918E+00 -0.155414E-03  0.733643E-03
  0.461645E+00  0.571447E-03  0.728816E-03
  0.462372E+00  0.868860E-04  0.733170E-03
  0.463098E+00  0.702800E-05  0.728856E-03
  0.463825E+00 -0.256749E-03  0.730355E-03
  0.464552E+00 -0.490699E-03  0.731513E-03
  0.465278E+00  0.711299E-03  0.725003E-03
  0.466005E+00  0.135844E-02  0.725938E-03
  0.466732E+00 -0.717742E-03  0.728010E-03
  0.467458E+00 -0.554910E-04  0.727420E-03
  0.468185E+00  0.109631E-02  0.750586E-03
  0.468911E+00 -0.142560E-03  0.729206E-03
  0.469638E+00 -0.451198E-03  0.720826E-03
  0.470364E+00  0.744056E-03  0.724422E-03
  0.471091E+00  0.554950E-04  0.722225E-03
  0.471817E+00 -0.829550E-05  0.726726E-03
  0.472544E+00  0.130833E-03  0.727864E-03
  0.473270E+00 -0.348024E-03  0.733033E-03
  0.473997E+00  0.291240E-03  0.728580E-03
  0.474723E+00  0.374099E-03  0.718206E-03
  0.475450E+00 -0.999870E-04  0.734213E-03
  0.476176E+00 -0.291037E-03  0.746249E-03
  0.476903E+00 -0.414033E-03  0.732612E-03
  0.477629E+00  0.911736E-03  0.740808E-03
  0.478355E+00  0.614901E-03  0.742620E-03
  0.479082E+00  0.649231E-03  0.723794E-03
  0.479808E+00 -0.207187E-03  0.738830E-03
  0.480535E+00  0.399968E-03  0.763409E-03
  0.481261E+00  0.120419E-03  0.763915E-03
  0.481987E+00 -0.177739E-03  0.733172E-03
  0.482713E+00  0.340928E-03  0.750322E-03
  0.483440E+00 -0.271640E-03  0.753657E-03
  0.484166E+00  0.272307E-03  0.731708E-03
  0.484892E+00  0.445215E-04  0.723042E-03
  0.485618E+00 -0.208913E-03  0.737262E-03
  0.486345E+00  0.449340E-03  0.737742E-03
  0.487071E+00  0.693100E-04  0.735159E-03
  0.487797E+00  0.860320E-03  0.735803E-03
  0.488523E+00  0.148988E-03  0.723288E-03
  0.489249E+00  0.486685E-03  0.735924E-03
  0.489975E+00 -0.108314E-03  0.737069E-03
  0.490702E+00  0.126444E-03  0.766125E-03
  0.491428E+00 -0.136540E-03  0.747030E-03
  0.492154E+00 -0.314025E-03  0.751324E-03
  0.492880E+00  0.375077E-03  0.753766E-03
  0.493606E+00  0.344254E-03  0.753544E-03
  0.494332E+00  0.559843E-03  0.735457E-03
  0.495058E+00  0.240390E-03  0.731171E-03
  0.495784E+00  0.661530E-03  0.744138E-03
  0.496510E+00 -0.460400E-03  0.741483E-03
  0.497236E+00  0.321290E-03  0.729700E-03
  0.497962E+00  0.442937E-03  0.754629E-03
  0.498688E+00  0.271895E-04  0.750036E-03
  0.499414E+00 -0.489384E-03  0.745353E-03
  0.500140E+00 -0.280244E-03  0.752595E-03
  0.500866E+00 -0.104877E-03  0.729621E-03
  0.501591E+00  0.103104E-02  0.736693E-03
  0.502317E+00 -0.183485E-04  0.741011E-03
  0.503043E+00  0.318478E-03  0.744476E-03
  0.503769E+00  0.628849E-03  0.748957E-03
  0.504495E+00  0.937900E-04  0.741670E-03
  0.505221E+00 -0.496395E-04  0.754885E-03
  0.505946E+00  0.594418E-03  0.747234E-03
  0.506672E+00 -0.138122E-03  0.743629E-03
  0.507398E+00  0.209402E-03  0.748268E-03
  0.508124E+00  0.415493E-03  0.751994E-03
  0.508849E+00  0.852200E-04  0.751913E-03
  0.509575E+00 -0.150844E-03  0.744354E-03
  0.510301E+00  0.335304E-03  0.743906E-03
  0.511026E+00 -0.190474E-03  0.743530E-03
  0.511752E+00 -0.595364E-03  0.760736E-03
  0.512478E+00 -0.722117E-03  0.745524E-03
  0.513203E+00 -0.598052E-03  0.743967E-03
  0.513929E+00 -0.748069E-03  0.741031E-03
  0.514654E+00 -0.621975E-03  0.749708E-03
  0.515380E+00 -0.445845E-03  0.759035E-03
  0.516106E+00  0.205562E-03  0.773500E-03
  0.516831E+00 -0.185642E-03  0.780326E-03
  0.517557E+00  0.369328E-03  0.801939E-03
  0.518282E+00 -0.130077E-03  0.838473E-03
  0.519008E+00  0.684614E-03  0.810549E-03
  0.519733E+00  0.118478E-03  0.815514E-03
  0.520458E+00 -0.135680E-04  0.828976E-03
  0.521184E+00 -0.256895E-04  0.858143E-03
  0.521909E+00 -0.280760E-03  0.831788E-03
  0.522635E+00 -0.654529E-03  0.848386E-03
  0.523360E+00  0.397018E-03  0.853097E-03
  0.524085E+00  0.269400E-03  0.862165E-03
  0.524811E+00 -0.604927E-03  0.873603E-03
  0.525536E+00  0.228357E-03  0.872487E-03
  0.526261E+00  0.608948E-03  0.884872E-03
  0.526987E+00  0.514315E-03  0.890879E-03
  0.527712E+00 -0.360339E-03  0.891020E-03
  0.528437E+00  0.743950E-03  0.895809E-03
  0.529163E+00  0.644198E-03  0.912119E-03
  0.529888E+00  0.105430E-03  0.916931E-03
  0.530613E+00  0.329100E-03  0.920594E-03
  0.531338E+00 -0.547430E-03  0.904556E-03
  0.532063E+00  0.293912E-03  0.918935E-03
  0.532789E+00 -0.100650E-02  0.915424E-03
  0.533514E+00 -0.165291E-03  0.939516E-03
  0.534239E+00  0.689995E-04  0.930207E-03
  0.534964E+00 -0.132300E-03  0.950552E-03
  0.535689E+00  0.743965E-03  0.948556E-03
  0.536414E+00 -0.352805E-03  0.963256E-03
  0.537139E+00  0.890500E-06  0.938123E-03
  0.537864E+00 -0.901231E-03  0.956490E-03
  0.538589E+00  0.587693E-03  0.988924E-03
  0.539314E+00  0.246043E-03  0.971480E-03
  0.540039E+00  0.125626E-03  0.100205E-02
  0.540764E+00  0.123228E-02  0.100845E-02
  0.541489E+00 -0.363165E-04  0.997319E-03
  0.542214E+00  0.153292E-02  0.101221E-02
  0.542939E+00  0.487540E-03  0.993175E-03
  0.543664E+00 -0.406240E-04  0.100705E-02
  0.544389E+00  0.172943E-03  0.101530E-02
  0.545114E+00  0.659475E-04  0.104094E-02
  0.545839E+00 -0.148221E-02  0.104764E-02
  0.546563E+00 -0.330937E-03  0.103623E-02
  0.547288E+00  0.386976E-03  0.106369E-02
  0.548013E+00 -0.677200E-03  0.106262E-02
  0.548738E+00  0.155163E-03  0.106595E-02
  0.549463E+00 -0.414894E-03  0.105354E-02
  0.550187E+00  0.326215E-04  0.107656E-02
  0.550912E+00  0.797913E-03  0.110679E-02
  0.551637E+00 -0.320614E-03  0.107665E-02
  0.552361E+00 -0.339165E-03  0.109085E-02
  0.553086E+00 -0.653513E-03  0.108444E-02
  0.553811E+00 -0.323809E-03  0.109753E-02
  0.554535E+00 -0.377009E-03  0.109596E-02
  0.555260E+00 -0.644666E-03  0.111735E-02
  0.555985E+00 -0.591654E-03  0.110804E-02
  0.556709E+00 -0.899958E-03  0.111328E-02
  0.557434E+00 -0.605188E-03  0.112483E-02
  0.558158E+00  0.475712E-03  0.109940E-02
  0.558883E+00 -0.112653E-02  0.112242E-02
  0.559607E+00  0.313640E-03  0.114636E-02
  0.560332E+00 -0.950169E-03  0.115606E-02
  0.561056E+00  0.676910E-03  0.120239E-02
  0.561781E+00  0.416173E-03  0.113566E-02
  0.562505E+00  0.718995E-04  0.113296E-02
  0.563230E+00 -0.911830E-03  0.122565E-02
  0.563954E+00  0.104213E-03  0.118424E-02
  0.564678E+00 -0.498508E-03  0.118946E-02
  0.565403E+00 -0.727285E-03  0.118869E-02
  0.566127E+00  0.663822E-03  0.122061E-02
  0.566852E+00  0.115760E-02  0.122120E-02
  0.567576E+00  0.141869E-02  0.124543E-02
  0.568300E+00 -0.194995E-03  0.122882E-02
  0.569024E+00 -0.215180E-03  0.124466E-02
  0.569749E+00 -0.367163E-03  0.127775E-02
  0.570473E+00  0.182626E-03  0.128642E-02
  0.571197E+00  0.589313E-03  0.129111E-02
  0.571921E+00 -0.147611E-02  0.129100E-02
  0.572646E+00 -0.315455E-03  0.127411E-02
  0.573370E+00  0.595909E-03  0.130119E-02
  0.574094E+00 -0.989249E-03  0.128766E-02
  0.574818E+00  0.749450E-03  0.134656E-02
  0.575542E+00 -0.102857E-02  0.132351E-02
  0.576266E+00 -0.772048E-03  0.132465E-02
  0.576990E+00  0.790544E-03  0.136790E-02
  0.577714E+00 -0.915947E-03  0.133954E-02
  0.578438E+00  0.263859E-03  0.139186E-02
  0.579162E+00  0.814859E-03  0.140733E-02
  0.579886E+00 -0.237957E-03  0.142352E-02
  0.580610E+00  0.430722E-03  0.143112E-02
  0.581334E+00  0.100396E-02  0.137171E-02
  0.582058E+00 -0.338581E-03  0.147048E-02
  0.582782E+00  0.171288E-02  0.146735E-02
  0.583506E+00  0.622871E-03  0.150751E-02
  0.584230E+00 -0.194300E-04  0.146252E-02
  0.584954E+00 -0.146808E-02  0.145654E-02
  0.585678E+00  0.118874E-03  0.158294E-02
  0.586402E+00 -0.539050E-04  0.150534E-02
  0.587125E+00  0.131423E-02  0.153610E-02
  0.587849E+00 -0.214861E-02  0.155039E-02
  0.588573E+00 -0.132199E-02  0.153526E-02
  0.589297E+00  0.134580E-02  0.166030E-02
  0.590021E+00 -0.176265E-02  0.160158E-02
  0.590744E+00  0.758403E-03  0.165022E-02
  0.591468E+00 -0.380644E-03  0.167179E-02
  0.592192E+00  0.244529E-02  0.164291E-02
  0.592915E+00  0.139905E-02  0.165919E-02
  0.593639E+00 -0.197568E-02  0.160131E-02
  0.594363E+00 -0.102242E-03  0.174684E-02
  0.595086E+00  0.274510E-02  0.174323E-02
  0.595810E+00  0.765517E-03  0.170324E-02
  0.596533E+00  0.186938E-02  0.175257E-02
  0.597257E+00 -0.491228E-03  0.177998E-02
  0.597980E+00  0.338771E-03  0.172621E-02
  0.598704E+00 -0.220197E-02  0.184897E-02
  0.599427E+00  0.935186E-03  0.178306E-02
  0.600151E+00  0.121961E-02  0.180972E-02
  0.600874E+00  0.246166E-03  0.175373E-02
  0.601598E+00 -0.758135E-03  0.179773E-02
  0.602321E+00  0.250225E-04  0.187172E-02
  0.603045E+00  0.194211E-03  0.180239E-02
  0.603768E+00 -0.233040E-02  0.198064E-02
  0.604491E+00  0.130563E-02  0.186294E-02
  0.605215E+00  0.861775E-04  0.191321E-02
  0.605938E+00  0.113649E-02  0.191600E-02
  0.606661E+00  0.294430E-03  0.190229E-02
  0.607385E+00 -0.108750E-04  0.199947E-02
  0.608108E+00 -0.581335E-03  0.192821E-02
  0.608831E+00  0.689300E-03  0.196534E-02
  0.609554E+00  0.303799E-02  0.202672E-02
  0.610278E+00  0.816600E-05  0.199739E-02
  0.611001E+00 -0.120049E-02  0.202395E-02
  0.611724E+00 -0.976700E-03  0.209317E-02
  0.612447E+00 -0.136445E-02  0.199138E-02
  0.613170E+00 -0.491055E-03  0.222028E-02
  0.613893E+00 -0.222658E-02  0.224586E-02
  0.614616E+00 -0.198456E-03  0.218416E-02
  0.615339E+00 -0.233616E-03  0.214577E-02
  0.616062E+00  0.261673E-02  0.224198E-02
  0.616786E+00  0.230641E-02  0.246005E-02
  0.617509E+00  0.119139E-02  0.269800E-02
  0.618231E+00 -0.354283E-02  0.287666E-02
  0.618954E+00  0.216991E-02  0.288848E-02
  0.619677E+00  0.227374E-02  0.304954E-02
  0.620400E+00 -0.286688E-02  0.356346E-02
  0.621123E+00 -0.287643E-02  0.424568E-02
  0.621846E+00  0.300600E-03  0.444636E-02
  0.622569E+00 -0.362367E-02  0.477658E-02
  0.623292E+00 -0.253900E-02  0.669436E-02
  0.624015E+00 -0.439110E-02  0.886310E-02
  0.624738E+00 -0.553290E-03  0.133115E-01
----------C:\Emma\Synchrotron_2016July\bam1o20_TRY1_raw_data_files_averaged_and_buffer_subtracted\raw_data\bam1o20_1mg_avg.dat-----------------------------
                                                                                
Parent(s): /tmp/qt_temp.MT2870 /tmp/qt_temp.hX2870 /tmp/qt_temp.SL2870 /tmp/qt_t
----------C:\Emma\Synchrotron_2016July\bam1o20_TRY1_raw_data_files_averaged_and_buffer_subtracted\raw_data\bam1o20_buffer_avg.dat-----------------------------
                                                                                
Parent(s): /tmp/qt_temp.MT2571 /tmp/qt_temp.hX2571 /tmp/qt_temp.SL2571 /tmp/qt_t
