# Subunit-1 composite scattering function
#     q           I(q)         sigma(I(q))
   0.01026     4.10247E-02     2.48116E+03
   0.01134     4.07716E-02     1.72430E+02
   0.01241     4.07072E-02     2.09149E+03
   0.01349     3.97879E-02     1.59753E+03
   0.01457     4.02418E-02     8.36458E+03
   0.01565     4.01876E-02     6.09168E+03
   0.01673     3.95599E-02     1.59714E+03
   0.01781     3.93552E-02     1.44909E+04
   0.01889     3.87860E-02     4.03244E+03
   0.01997     3.82373E-02     7.86230E+03
   0.02105     3.82037E-02     5.22520E+03
   0.02213     3.76613E-02     6.33256E+03
   0.02321     3.70581E-02     5.43241E+03
   0.02429     3.67778E-02     2.47785E+04
   0.02536     3.65229E-02     1.39683E+03
   0.02644     3.59272E-02     6.96925E+03
   0.02752     3.61494E-02     2.63821E+04
   0.02860     3.55174E-02     2.31537E+04
   0.02968     3.51168E-02     5.87943E+03
   0.03076     3.44510E-02     5.67408E+03
   0.03184     3.44389E-02     4.93277E+03
   0.03292     3.34150E-02     5.79468E+03
   0.03399     3.28863E-02     3.88466E+03
   0.03507     3.27828E-02     4.73363E+04
   0.03615     3.20887E-02     1.90105E+04
   0.03723     3.14446E-02     1.15918E+04
   0.03831     3.09838E-02     1.98134E+04
   0.03939     3.03049E-02     1.66022E+04
   0.04046     2.99199E-02     7.69358E+03
   0.04154     2.91142E-02     1.86605E+04
   0.04259     2.87092E-02     2.13942E+04
   0.04262     2.88084E-02     2.77321E+04
   0.04370     2.81697E-02     2.70216E+03
   0.04477     2.75677E-02     1.15937E+04
   0.04585     2.71293E-02     5.04045E+04
   0.04664     2.66027E-02     1.88616E+04
   0.04693     2.64387E-02     3.04834E+03
   0.04801     2.61021E-02     2.99384E+04
   0.04908     2.52566E-02     7.91295E+03
   0.05016     2.49257E-02     2.18783E+04
   0.05069     2.46311E-02     6.76741E+03
   0.05124     2.43197E-02     3.21861E+03
   0.05231     2.37849E-02     2.27381E+04
   0.05339     2.31383E-02     2.05889E+04
   0.05447     2.25245E-02     1.20642E+04
   0.05474     2.22999E-02     1.39390E+04
   0.05554     2.19967E-02     1.40306E+04
   0.05662     2.12689E-02     8.16733E+03
   0.05770     2.08614E-02     2.51914E+04
   0.05877     2.05926E-02     9.09877E+03
   0.05878     2.03865E-02     2.18209E+03
   0.05985     1.97509E-02     6.20738E+04
   0.06092     1.95180E-02     1.53166E+04
   0.06200     1.87186E-02     1.52295E+04
   0.06283     1.83613E-02     1.00094E+04
   0.06307     1.82273E-02     2.50074E+04
   0.06415     1.77590E-02     2.84886E+04
   0.06523     1.73402E-02     3.31512E+04
   0.06630     1.66722E-02     2.57801E+04
   0.06687     1.64026E-02     3.35382E+04
   0.06738     1.61635E-02     1.39746E+04
   0.06845     1.56442E-02     1.42254E+04
   0.06952     1.51598E-02     9.43090E+03
   0.07060     1.48119E-02     4.08717E+04
   0.07091     1.46241E-02     3.11693E+04
   0.07167     1.43629E-02     1.59393E+04
   0.07275     1.38413E-02     1.18528E+04
   0.07382     1.33345E-02     1.65233E+04
   0.07490     1.29092E-02     1.10630E+04
   0.07495     1.30938E-02     1.17531E+04
   0.07597     1.26358E-02     1.07796E+04
   0.07704     1.19534E-02     1.69041E+04
   0.07812     1.17014E-02     2.96759E+03
   0.07898     1.16585E-02     1.91415E+04
   0.08302     1.02408E-02     1.15343E+03
   0.08705     9.00700E-03     1.01917E+04
   0.09107     7.87196E-03     2.03774E+04
   0.09510     6.95701E-03     3.02304E+04
   0.09912     6.06260E-03     3.54461E+04
   0.10310     5.50326E-03     1.62248E+04
   0.10720     4.92627E-03     5.63303E+03
   0.11120     4.32507E-03     7.40801E+03
   0.11520     3.91113E-03     9.10463E+03
   0.11920     3.52910E-03     3.95975E+03
   0.12320     3.19009E-03     5.09322E+03
   0.12720     2.98995E-03     3.30968E+04
   0.13120     2.78790E-03     1.54930E+03
   0.13520     2.54470E-03     2.08041E+04
   0.13910     2.29518E-03     2.06243E+03
   0.14310     2.16514E-03     6.07298E+03
   0.14710     2.03901E-03     5.26214E+03
   0.15110     1.90912E-03     4.39443E+03
   0.15500     1.78874E-03     2.02560E+03
   0.15900     1.68647E-03     5.29219E+03
   0.16300     1.54016E-03     5.58877E+03
   0.16690     1.43680E-03     3.87019E+03
   0.17090     1.30053E-03     4.10820E+03
   0.17480     1.23174E-03     2.08558E+03
   0.17870     1.11068E-03     5.96508E+03
   0.18270     1.09294E-03     1.37462E+03
   0.18660     9.97853E-04     1.58906E+03
   0.19050     9.23744E-04     1.73106E+03
   0.19440     8.81488E-04     1.74554E+03
   0.19830     7.78895E-04     8.67641E+03
   0.20230     7.11723E-04     3.70110E+03
   0.20610     6.94246E-04     3.23749E+03
   0.21000     5.82068E-04     6.19924E+03
   0.21390     5.68077E-04     5.02212E+02
   0.21780     5.23345E-04     3.23783E+03
   0.22170     4.26493E-04     1.96711E+04
   0.22550     5.31372E-04     1.02638E+04
   0.22940     3.66640E-04     3.84391E+03
   0.23330     3.86073E-04     6.75565E+03
   0.23710     4.02297E-04     3.42601E+03
   0.24090     3.36602E-04     1.78601E+04
   0.24480     2.61886E-04     4.02052E+03
   0.24860     1.48811E-04     2.03588E+03
   0.25240     2.03209E-04     2.40314E+03
   0.25620     2.09408E-04     6.94532E+03
   0.26000     2.11843E-04     1.58807E+04
   0.26380     2.32354E-04     2.75480E+03
   0.26760     1.41762E-04     2.15528E+03
   0.27140     1.31372E-04     1.36438E+04
   0.27520     1.28943E-04     2.56339E+04
   0.27890     9.47006E-05     2.62277E+03
   0.28270     6.30177E-05     1.09177E+04
   0.28640     6.29186E-05     5.98954E+03
   0.29020     7.06204E-05     6.39230E+03
   0.29390     1.02182E-04     1.13500E+03
   0.29760     9.33011E-05     5.46783E+03
   0.30130     3.13238E-05     5.26403E+03
   0.30500     5.66001E-05     9.71720E+02
   0.30870     2.04067E-05     5.39047E+03
   0.31240     4.97164E-05     5.73568E+03
   0.31610    -3.89487E-05     3.29176E+03
   0.31980     8.16560E-05     4.16234E+03
   0.32350     4.90889E-05     3.57276E+03
   0.32710    -6.64772E-06     1.11666E+04
   0.33080     5.70908E-05     8.26914E+03
   0.33440     6.08119E-06     2.24111E+03
   0.33800     2.80389E-05     2.79269E+03
   0.34160     1.06126E-06     6.09268E+03
   0.34530     4.89913E-05     7.69815E+03
   0.34890     2.51109E-06     1.72387E+03
   0.35250    -8.26012E-05     9.66941E+03
   0.35600    -3.75343E-06     7.33596E+03
   0.35960    -4.92625E-05     6.29529E+03
   0.36320    -2.15613E-05     1.18705E+03
   0.36670    -2.22229E-05     7.90633E+03
   0.37030     8.00397E-05     1.25039E+03
   0.37380    -3.55554E-05     6.47444E+03
   0.37730     1.75620E-05     1.35155E+03
   0.38090    -5.42137E-05     3.12770E+03
   0.38440     1.55913E-05     5.49873E+03
   0.38790    -5.33846E-05     5.84671E+03
   0.39140    -7.89823E-05     4.40455E+03
   0.39480    -5.19040E-05     1.47426E+03
   0.39830    -2.55561E-05     1.18529E+03
   0.40180    -8.05056E-05     3.10423E+03
   0.40520    -1.95925E-05     4.75437E+03
   0.40870    -1.29072E-05     1.01124E+04
   0.41210     5.13241E-06     8.37785E+03
   0.41550    -4.71463E-05     1.21946E+04
   0.41890    -1.42254E-05     4.53044E+03
   0.42230     4.88563E-05     6.52056E+03
   0.42570    -3.01792E-05     2.31092E+03
   0.42910     3.39088E-06     7.23453E+03
   0.43250     3.16732E-05     1.79409E+03
   0.43580    -8.95278E-05     2.07914E+03
   0.43920    -5.10848E-05     5.81567E+03
   0.44250     1.23408E-05     1.14317E+03
   0.44580     4.91158E-05     5.44029E+03
   0.44910    -1.00218E-06     6.56856E+02
   0.45250     1.15874E-04     2.08384E+03
   0.45570     3.83280E-05     1.21790E+03
   0.45900     1.06504E-04     5.83011E+03
   0.46230     2.01848E-05     1.90189E+03
   0.46560    -2.20283E-05     4.19006E+03
   0.46880    -2.26546E-04     1.28026E+03
   0.47210     8.46224E-06     2.69264E+03
   0.47530    -5.50038E-05     2.28621E+02
   0.47850    -7.06925E-04     4.58526E+03